+------------+--------+-----------+-----------+----------+--------+--------+--------+
| Dest name  |  true  | remaining | estimated | path_len |  mean  |  max   |  min   |
+------------+--------+-----------+-----------+----------+--------+--------+--------+
| WayPoint1  | 60.354 |   60.354  |     0     |   0.0    | 60.354 | 60.354 | 60.354 |
| WayPoint10 | 60.354 |   57.754  |   38.08   |  9.902   | 60.354 | 60.354 | 60.354 |
| WayPoint11 | 60.354 |   60.354  |     0     |   0.0    | 60.354 | 60.354 | 60.354 |
| WayPoint2  | 60.354 |   60.354  |     0     |   0.0    | 60.354 | 60.354 | 60.354 |
| WayPoint3  | 60.354 |   57.154  |   40.37   |  10.497  | 60.354 | 60.354 | 60.354 |
| WayPoint4  | 60.354 |   60.354  |     0     |   0.0    | 60.354 | 60.354 | 60.354 |
| WayPoint5  | 60.354 |   60.354  |     0     |   0.0    | 60.354 | 60.354 | 60.354 |
| WayPoint6  | 60.354 |   60.354  |     0     |   0.0    | 60.354 | 60.354 | 60.354 |
| WayPoint7  | 60.354 |   60.354  |     0     |   0.0    | 60.354 | 60.354 | 60.354 |
| WayPoint8  | 60.354 |   60.354  |     0     |   0.0    | 60.354 | 60.354 | 60.354 |
| WayPoint9  | 60.354 |   57.953  |   37.99   |  9.876   | 60.354 | 60.354 | 60.354 |
+------------+--------+-----------+-----------+----------+--------+--------+--------+
Average idleness: 60.354
-----------
Variance idleness: 0.0
-----------
Total visits: 0
