+------------+--------+-----------+-----------+----------+--------+--------+--------+
| Dest name  |  true  | remaining | estimated | path_len |  mean  |  max   |  min   |
+------------+--------+-----------+-----------+----------+--------+--------+--------+
| WayPoint1  | 60.346 |   60.346  |     0     |   0.0    | 60.346 | 60.346 | 60.346 |
| WayPoint10 | 60.346 |   23.346  |   26.84   |  6.977   | 60.346 | 60.346 | 60.346 |
| WayPoint11 | 60.346 |   60.346  |     0     |   0.0    | 60.346 | 60.346 | 60.346 |
| WayPoint2  | 33.601 |   31.001  |   27.26   |  7.089   | 30.173 | 33.601 | 26.745 |
|            | 26.745 |   26.745  |     0     |   0.0    |        |        |        |
| WayPoint3  | 60.346 |   57.746  |   40.37   |  10.497  | 60.346 | 60.346 | 60.346 |
| WayPoint4  | 60.346 |   60.346  |     0     |   0.0    | 60.346 | 60.346 | 60.346 |
| WayPoint5  | 60.346 |   26.346  |   54.59   |  14.193  | 60.346 | 60.346 | 60.346 |
| WayPoint6  | 60.346 |   60.346  |     0     |   0.0    | 60.346 | 60.346 | 60.346 |
| WayPoint7  | 60.346 |   60.346  |     0     |   0.0    | 60.346 | 60.346 | 60.346 |
| WayPoint8  |  36.6  |    34.0   |   27.75   |  7.214   | 30.173 |  36.6  | 23.746 |
|            | 23.746 |   23.746  |     0     |   0.0    |        |        |        |
| WayPoint9  | 60.346 |   60.346  |     0     |   0.0    | 60.346 | 60.346 | 60.346 |
+------------+--------+-----------+-----------+----------+--------+--------+--------+
Average idleness: 54.86
-----------
Variance idleness: 135.433
-----------
Total visits: 2
