+------------+-------+-----------+-----------+----------+--------+-------+-------+
| Dest name  |  true | remaining | estimated | path_len |  mean  |  max  |  min  |
+------------+-------+-----------+-----------+----------+--------+-------+-------+
| WayPoint1  | 60.25 |   16.25   |    61.0   |  15.86   | 60.25  | 60.25 | 60.25 |
| WayPoint10 | 60.25 |   57.85   |   38.08   |  9.902   | 60.25  | 60.25 | 60.25 |
| WayPoint11 | 60.25 |   60.25   |     0     |   0.0    | 60.25  | 60.25 | 60.25 |
| WayPoint2  | 60.25 |   60.25   |     0     |   0.0    | 60.25  | 60.25 | 60.25 |
| WayPoint3  | 60.25 |   60.25   |     0     |   0.0    | 60.25  | 60.25 | 60.25 |
| WayPoint4  | 60.25 |   60.25   |     0     |   0.0    | 60.25  | 60.25 | 60.25 |
| WayPoint5  |  43.4 |    41.0   |   33.78   |  8.783   | 30.125 |  43.4 | 16.85 |
|            | 16.85 |   16.85   |     0     |   0.0    |        |       |       |
| WayPoint6  | 60.25 |   60.25   |     0     |   0.0    | 60.25  | 60.25 | 60.25 |
| WayPoint7  | 60.25 |   60.25   |     0     |   0.0    | 60.25  | 60.25 | 60.25 |
| WayPoint8  | 60.25 |    7.25   |   14.83   |  3.855   | 60.25  | 60.25 | 60.25 |
| WayPoint9  |  52.0 |    49.0   |   37.99   |  9.876   | 30.125 |  52.0 |  8.25 |
|            |  8.25 |    8.25   |     0     |   0.0    |        |       |       |
+------------+-------+-----------+-----------+----------+--------+-------+-------+
Average idleness: 54.773
-----------
Variance idleness: 135.002
-----------
Total visits: 2
