+------------+--------+-----------+-----------+----------+--------+--------+--------+
| Dest name  |  true  | remaining | estimated | path_len |  mean  |  max   |  min   |
+------------+--------+-----------+-----------+----------+--------+--------+--------+
| WayPoint1  | 60.188 |   0.188   |   64.34   |  16.729  | 60.188 | 60.188 | 60.188 |
| WayPoint10 | 60.188 |   57.788  |   43.43   |  11.292  | 60.188 | 60.188 | 60.188 |
| WayPoint11 |  59.0  |   55.999  |   43.59   |  11.334  | 30.094 |  59.0  | 1.188  |
|            | 1.188  |   1.188   |     0     |   0.0    |        |        |        |
| WayPoint2  | 60.188 |   60.188  |     0     |   0.0    | 60.188 | 60.188 | 60.188 |
| WayPoint3  | 60.188 |   60.188  |     0     |   0.0    | 60.188 | 60.188 | 60.188 |
| WayPoint4  | 60.188 |   57.788  |   41.09   |  10.684  | 60.188 | 60.188 | 60.188 |
| WayPoint5  | 60.188 |   60.188  |     0     |   0.0    | 60.188 | 60.188 | 60.188 |
| WayPoint6  | 60.188 |   60.188  |     0     |   0.0    | 60.188 | 60.188 | 60.188 |
| WayPoint7  | 60.188 |   60.188  |     0     |   0.0    | 60.188 | 60.188 | 60.188 |
| WayPoint8  | 60.188 |   60.188  |     0     |   0.0    | 60.188 | 60.188 | 60.188 |
| WayPoint9  | 60.188 |   60.188  |     0     |   0.0    | 60.188 | 60.188 | 60.188 |
+------------+--------+-----------+-----------+----------+--------+--------+--------+
Average idleness: 57.452
-----------
Variance idleness: 74.847
-----------
Total visits: 1
