+------------+--------+-----------+-----------+--------+--------+--------+
| Dest name  |  true  | remaining | estimated |  mean  |  max   |  min   |
+------------+--------+-----------+-----------+--------+--------+--------+
| WayPoint1  | 60.323 |   10.523  |   35.35   | 60.323 | 60.323 | 60.323 |
| WayPoint10 | 60.323 |   57.723  |   38.76   | 60.323 | 60.323 | 60.323 |
| WayPoint2  | 60.323 |   60.323  |     0     | 60.323 | 60.323 | 60.323 |
| WayPoint3  | 60.323 |   19.323  |   43.46   | 60.323 | 60.323 | 60.323 |
| WayPoint4  | 60.323 |   60.323  |     0     | 60.323 | 60.323 | 60.323 |
| WayPoint5  |  40.6  |    38.0   |   35.95   | 30.162 |  40.6  | 19.723 |
|            | 19.723 |   19.723  |     0     |        |        |        |
| WayPoint6  | 60.323 |   60.323  |     0     | 60.323 | 60.323 | 60.323 |
| WayPoint7  | 60.323 |   60.323  |     0     | 60.323 | 60.323 | 60.323 |
| WayPoint8  | 60.323 |   57.723  |    32.7   | 60.323 | 60.323 | 60.323 |
| WayPoint9  |  48.8  |    46.0   |   38.52   | 30.161 |  48.8  | 11.523 |
|            | 11.523 |   11.523  |     0     |        |        |        |
+------------+--------+-----------+-----------+--------+--------+--------+
Average idleness: 54.291
-----------
Variance idleness: 145.555
-----------
Total visits: 2
