+------------+--------+-----------+-----------+----------+--------+--------+--------+
| Dest name  |  true  | remaining | estimated | path_len |  mean  |  max   |  min   |
+------------+--------+-----------+-----------+----------+--------+--------+--------+
| WayPoint1  |  38.0  |   16.999  |   16.21   |  4.216   | 30.126 |  38.0  | 22.251 |
|            | 22.251 |   22.251  |     0     |   0.0    |        |        |        |
| WayPoint10 | 60.251 |   60.251  |     0     |   0.0    | 60.251 | 60.251 | 60.251 |
| WayPoint2  | 56.005 |   17.005  |    16.0   |   4.16   | 30.126 | 56.005 | 4.246  |
|            | 4.246  |   4.246   |     0     |   0.0    |        |        |        |
| WayPoint3  | 60.251 |   57.651  |   46.59   |  12.112  | 60.251 | 60.251 | 60.251 |
| WayPoint4  | 24.802 |   22.002  |   20.67   |  5.374   | 30.125 | 35.449 | 24.802 |
|            | 35.449 |   35.449  |     0     |   0.0    |        |        |        |
| WayPoint5  | 21.601 |   19.001  |   15.56   |  4.047   | 30.125 | 38.65  | 21.601 |
|            | 38.65  |   38.65   |     0     |   0.0    |        |        |        |
| WayPoint6  | 60.251 |   34.451  |   33.03   |  8.588   | 60.251 | 60.251 | 60.251 |
| WayPoint7  |  20.6  |    18.0   |   20.54   |  5.341   | 30.126 | 39.651 |  20.6  |
|            | 39.651 |   3.249   |   28.57   |  7.429   |        |        |        |
| WayPoint8  | 60.251 |   38.25   |   47.84   |  12.438  | 60.251 | 60.251 | 60.251 |
| WayPoint9  | 60.251 |   60.251  |     0     |   0.0    | 60.251 | 60.251 | 60.251 |
+------------+--------+-----------+-----------+----------+--------+--------+--------+
Average idleness: 45.188
-----------
Variance idleness: 226.885
-----------
Total visits: 6
