+------------+--------+-----------+-----------+----------+--------+--------+--------+
| Dest name  |  true  | remaining | estimated | path_len |  mean  |  max   |  min   |
+------------+--------+-----------+-----------+----------+--------+--------+--------+
| WayPoint1  | 60.798 |   60.798  |     0     |   0.0    | 60.798 | 60.798 | 60.798 |
| WayPoint10 | 60.798 |   57.598  |   33.64   |  8.747   | 60.798 | 60.798 | 60.798 |
| WayPoint2  | 60.798 |   8.198   |   48.01   |  12.482  | 60.798 | 60.798 | 60.798 |
| WayPoint3  | 60.799 |   57.599  |   46.48   |  12.085  | 60.799 | 60.799 | 60.799 |
| WayPoint4  | 60.799 |   60.799  |     0     |   0.0    | 60.799 | 60.799 | 60.799 |
| WayPoint5  |  22.2  |    19.0   |   15.56   |  4.047   | 30.399 | 38.599 |  22.2  |
|            | 38.599 |   38.599  |     0     |   0.0    |        |        |        |
| WayPoint6  | 60.799 |   60.799  |     0     |   0.0    | 60.799 | 60.799 | 60.799 |
| WayPoint7  | 60.799 |   37.596  |   38.24   |  9.941   | 60.799 | 60.799 | 60.799 |
| WayPoint8  | 60.799 |   60.799  |     0     |   0.0    | 60.799 | 60.799 | 60.799 |
| WayPoint9  |  52.0  |   48.997  |   38.52   |  10.015  | 30.399 |  52.0  | 8.799  |
|            | 8.799  |   8.799   |     0     |   0.0    |        |        |        |
+------------+--------+-----------+-----------+----------+--------+--------+--------+
Average idleness: 54.719
-----------
Variance idleness: 147.862
-----------
Total visits: 2
