+------------+--------+-----------+-----------+----------+--------+--------+--------+
| Dest name  |  true  | remaining | estimated | path_len |  mean  |  max   |  min   |
+------------+--------+-----------+-----------+----------+--------+--------+--------+
| WayPoint1  |  37.6  |    35.0   |   33.53   |  8.719   | 30.138 |  37.6  | 22.676 |
|            | 22.676 |   10.475  |   12.65   |  3.289   |        |        |        |
| WayPoint10 | 60.276 |   60.276  |     0     |   0.0    | 60.276 | 60.276 | 60.276 |
| WayPoint2  |  18.8  |    16.0   |    16.0   |   4.16   | 30.138 | 41.476 |  18.8  |
|            | 41.476 |   41.476  |     0     |   0.0    |        |        |        |
| WayPoint3  |  48.8  |    29.0   |   23.49   |  6.107   | 30.138 |  48.8  | 11.476 |
|            | 11.476 |   11.476  |     0     |   0.0    |        |        |        |
| WayPoint4  | 60.276 |   5.276   |   22.93   |  5.963   | 60.276 | 60.276 | 60.276 |
| WayPoint5  | 60.276 |   60.276  |     0     |   0.0    | 60.276 | 60.276 | 60.276 |
| WayPoint6  | 16.401 |   14.001  |   18.38   |  4.779   | 30.138 | 43.875 | 16.401 |
|            | 43.875 |   43.875  |     0     |   0.0    |        |        |        |
| WayPoint7  |  54.0  |   15.999  |   16.37   |  4.256   | 30.138 |  54.0  | 6.276  |
|            | 6.276  |   6.276   |     0     |   0.0    |        |        |        |
| WayPoint8  | 60.276 |   57.476  |    32.7   |  8.501   | 60.276 | 60.276 | 60.276 |
| WayPoint9  | 60.277 |   43.477  |   18.14   |  4.716   | 60.277 | 60.277 | 60.277 |
+------------+--------+-----------+-----------+----------+--------+--------+--------+
Average idleness: 45.207
-----------
Variance idleness: 227.078
-----------
Total visits: 6
