+------------+--------+-----------+-----------+----------+--------+--------+--------+
| Dest name  |  true  | remaining | estimated | path_len |  mean  |  max   |  min   |
+------------+--------+-----------+-----------+----------+--------+--------+--------+
| WayPoint1  | 38.001 |   34.801  |   33.53   |  8.719   | 30.341 | 38.001 | 22.681 |
|            | 22.681 |   4.482   |   16.02   |  4.165   |        |        |        |
| WayPoint10 |  44.2  |    41.0   |   33.64   |  8.747   | 30.341 |  44.2  | 16.482 |
|            | 16.482 |   16.482  |     0     |   0.0    |        |        |        |
| WayPoint2  | 55.201 |   16.001  |    16.0   |   4.16   | 30.341 | 55.201 | 5.481  |
|            | 5.481  |   5.481   |     0     |   0.0    |        |        |        |
| WayPoint3  | 60.682 |   57.882  |   46.59   |  12.112  | 60.682 | 60.682 | 60.682 |
| WayPoint4  | 60.682 |   60.682  |     0     |   0.0    | 60.682 | 60.682 | 60.682 |
| WayPoint5  |  22.2  |    19.0   |   15.56   |  4.047   | 30.341 | 38.482 |  22.2  |
|            | 38.482 |   38.482  |     0     |   0.0    |        |        |        |
| WayPoint6  | 60.682 |   60.682  |     0     |   0.0    | 60.682 | 60.682 | 60.682 |
| WayPoint7  | 60.682 |   15.482  |   20.54   |  5.341   | 60.682 | 60.682 | 60.682 |
| WayPoint8  | 60.682 |   60.682  |     0     |   0.0    | 60.682 | 60.682 | 60.682 |
| WayPoint9  | 60.682 |   37.482  |   56.99   |  14.816  | 60.682 | 60.682 | 60.682 |
+------------+--------+-----------+-----------+----------+--------+--------+--------+
Average idleness: 48.546
-----------
Variance idleness: 220.938
-----------
Total visits: 5
