+------------+--------+-----------+-----------+----------+--------+--------+--------+
| Dest name  |  true  | remaining | estimated | path_len |  mean  |  max   |  min   |
+------------+--------+-----------+-----------+----------+--------+--------+--------+
| WayPoint1  | 60.279 |   60.279  |     0     |   0.0    | 60.279 | 60.279 | 60.279 |
| WayPoint10 | 60.28  |   60.28   |     0     |   0.0    | 60.28  | 60.28  | 60.28  |
| WayPoint2  | 60.28  |   60.28   |     0     |   0.0    | 60.28  | 60.28  | 60.28  |
| WayPoint3  | 60.28  |   26.28   |   39.85   |  10.362  | 60.28  | 60.28  | 60.28  |
| WayPoint4  | 60.28  |   60.28   |     0     |   0.0    | 60.28  | 60.28  | 60.28  |
| WayPoint5  | 60.28  |   57.08   |    57.2   |  14.872  | 60.28  | 60.28  | 60.28  |
| WayPoint6  | 60.28  |   57.08   |   30.54   |  7.941   | 60.28  | 60.28  | 60.28  |
| WayPoint7  | 60.28  |   57.48   |   23.09   |  6.004   | 60.28  | 60.28  | 60.28  |
| WayPoint8  | 33.001 |   30.401  |   25.65   |  6.669   | 30.14  | 33.001 | 27.279 |
|            | 27.279 |   27.279  |     0     |   0.0    |        |        |        |
| WayPoint9  | 60.28  |   60.28   |     0     |   0.0    | 60.28  | 60.28  | 60.28  |
+------------+--------+-----------+-----------+----------+--------+--------+--------+
Average idleness: 57.266
-----------
Variance idleness: 81.757
-----------
Total visits: 1
