+------------+--------+-----------+-----------+----------+--------+--------+--------+
| Dest name  |  true  | remaining | estimated | path_len |  mean  |  max   |  min   |
+------------+--------+-----------+-----------+----------+--------+--------+--------+
| WayPoint1  | 60.599 |   60.599  |     0     |   0.0    | 60.599 | 60.599 | 60.599 |
| WayPoint10 | 60.599 |   37.399  |   55.86   |  14.525  | 60.599 | 60.599 | 60.599 |
| WayPoint2  | 60.599 |   10.599  |   47.16   |  12.262  | 60.599 | 60.599 | 60.599 |
| WayPoint3  | 60.599 |   60.599  |     0     |   0.0    | 60.599 | 60.599 | 60.599 |
| WayPoint4  | 24.807 |   22.007  |   20.67   |  5.374   | 30.302 | 35.797 | 24.807 |
|            | 35.797 |   35.797  |     0     |   0.0    |        |        |        |
| WayPoint5  | 21.601 |   19.001  |   15.56   |  4.047   | 30.302 | 39.003 | 21.601 |
|            | 39.003 |   39.003  |     0     |   0.0    |        |        |        |
| WayPoint6  | 60.604 |   60.604  |     0     |   0.0    | 60.604 | 60.604 | 60.604 |
| WayPoint7  | 60.604 |   58.004  |   19.44   |  5.054   | 60.604 | 60.604 | 60.604 |
| WayPoint8  | 60.604 |   34.802  |   32.66   |  8.493   | 60.604 | 60.604 | 60.604 |
| WayPoint9  | 49.601 |   47.001  |   38.52   |  10.015  | 30.302 | 49.601 | 11.003 |
|            | 11.003 |   11.003  |     0     |   0.0    |        |        |        |
+------------+--------+-----------+-----------+----------+--------+--------+--------+
Average idleness: 51.511
-----------
Variance idleness: 192.788
-----------
Total visits: 3
