+------------+--------+-----------+-----------+--------+--------+--------+
| Dest name  |  true  | remaining | estimated |  mean  |  max   |  min   |
+------------+--------+-----------+-----------+--------+--------+--------+
| WayPoint1  | 60.278 |   5.078   |   27.79   | 60.278 | 60.278 | 60.278 |
| WayPoint10 | 31.203 |   27.003  |   30.49   | 30.139 | 31.203 | 29.075 |
|            | 29.075 |   29.075  |     0     |        |        |        |
| WayPoint2  | 60.278 |   28.078  |   45.54   | 60.278 | 60.278 | 60.278 |
| WayPoint3  | 60.278 |   56.278  |   12.63   | 60.278 | 60.278 | 60.278 |
| WayPoint4  | 60.278 |   7.278   |   41.64   | 60.278 | 60.278 | 60.278 |
| WayPoint5  | 60.278 |   56.878  |   57.19   | 60.278 | 60.278 | 60.278 |
| WayPoint6  | 28.201 |   24.001  |   20.48   | 30.139 | 32.077 | 28.201 |
|            | 32.077 |   32.077  |     0     |        |        |        |
| WayPoint7  | 60.278 |   56.478  |   23.09   | 60.278 | 60.278 | 60.278 |
| WayPoint8  |  54.2  |    25.0   |   21.63   | 30.139 |  54.2  | 6.078  |
|            | 6.078  |   6.078   |     0     |        |        |        |
| WayPoint9  |  52.0  |    48.0   |   38.52   | 30.139 |  52.0  | 8.278  |
|            | 8.278  |   8.278   |     0     |        |        |        |
+------------+--------+-----------+-----------+--------+--------+--------+
Average idleness: 48.222
-----------
Variance idleness: 218.006
-----------
Total visits: 4
