+------------+--------+-----------+-----------+--------+--------+--------+
| Dest name  |  true  | remaining | estimated |  mean  |  max   |  min   |
+------------+--------+-----------+-----------+--------+--------+--------+
| WayPoint1  |  22.8  |    20.0   |   20.81   | 30.08  | 37.359 |  22.8  |
|            | 37.359 |   20.359  |    34.9   |        |        |        |
| WayPoint10 | 60.159 |   60.159  |     0     | 60.159 | 60.159 | 60.159 |
| WayPoint2  | 60.159 |   57.559  |   45.81   | 60.159 | 60.159 | 60.159 |
| WayPoint3  | 60.159 |   60.159  |     0     | 60.159 | 60.159 | 60.159 |
| WayPoint4  |  28.6  |    26.0   |   20.67   | 30.08  | 31.559 |  28.6  |
|            | 31.559 |   31.559  |     0     |        |        |        |
| WayPoint5  | 60.159 |   57.359  |   47.74   | 60.159 | 60.159 | 60.159 |
| WayPoint6  | 60.159 |   30.959  |   33.11   | 60.159 | 60.159 | 60.159 |
| WayPoint7  | 60.159 |   57.757  |   19.44   | 60.159 | 60.159 | 60.159 |
| WayPoint8  | 60.159 |   35.959  |   25.65   | 60.159 | 60.159 | 60.159 |
| WayPoint9  |  38.8  |    36.0   |   18.31   | 30.079 |  38.8  | 21.359 |
|            | 21.359 |   21.359  |     0     |        |        |        |
+------------+--------+-----------+-----------+--------+--------+--------+
Average idleness: 51.135
-----------
Variance idleness: 190.001
-----------
Total visits: 4
