+------------+--------+-----------+-----------+--------+--------+--------+
| Dest name  |  true  | remaining | estimated |  mean  |  max   |  min   |
+------------+--------+-----------+-----------+--------+--------+--------+
| WayPoint1  | 60.197 |   56.197  |   35.28   | 60.197 | 60.197 | 60.197 |
| WayPoint10 | 60.198 |   56.394  |   26.01   | 60.198 | 60.198 | 60.198 |
| WayPoint2  |  40.2  |   35.999  |   36.28   | 30.099 |  40.2  | 19.998 |
|            | 19.998 |   19.998  |     0     |        |        |        |
| WayPoint3  | 60.198 |   56.198  |   44.94   | 60.198 | 60.198 | 60.198 |
| WayPoint4  |  26.8  |    23.6   |   20.67   | 30.099 | 33.398 |  26.8  |
|            | 33.398 |   20.398  |   41.64   |        |        |        |
| WayPoint5  | 60.198 |   18.998  |   51.39   | 60.198 | 60.198 | 60.198 |
| WayPoint6  | 60.198 |   60.198  |     0     | 60.198 | 60.198 | 60.198 |
| WayPoint7  | 9.401  |   5.999   |   10.54   | 30.099 | 50.797 | 9.401  |
|            | 50.797 |   50.797  |     0     |        |        |        |
| WayPoint8  | 60.198 |   32.998  |   32.83   | 60.198 | 60.198 | 60.198 |
| WayPoint9  |  38.8  |    29.0   |   19.47   | 30.099 |  38.8  | 21.398 |
|            | 21.398 |   21.398  |     0     |        |        |        |
+------------+--------+-----------+-----------+--------+--------+--------+
Average idleness: 48.158
-----------
Variance idleness: 217.426
-----------
Total visits: 5
