+------------+--------+-----------+-----------+--------+--------+--------+
| Dest name  |  true  | remaining | estimated |  mean  |  max   |  min   |
+------------+--------+-----------+-----------+--------+--------+--------+
| WayPoint1  | 23.801 |   20.001  |   26.13   | 30.199 | 36.597 | 23.801 |
|            | 36.597 |   36.597  |     0     |        |        |        |
| WayPoint10 | 60.398 |   36.398  |   55.86   | 60.398 | 60.398 | 60.398 |
| WayPoint2  | 60.398 |   56.398  |   37.82   | 60.398 | 60.398 | 60.398 |
| WayPoint3  | 60.398 |   60.398  |     0     | 60.398 | 60.398 | 60.398 |
| WayPoint4  |  26.2  |    22.0   |   20.67   | 30.199 | 34.198 |  26.2  |
|            | 34.198 |   34.198  |     0     |        |        |        |
| WayPoint5  | 23.001 |   19.001  |   15.56   | 30.199 | 37.397 | 23.001 |
|            | 37.397 |   37.397  |     0     |        |        |        |
| WayPoint6  | 60.398 |   35.995  |   26.29   | 60.398 | 60.398 | 60.398 |
| WayPoint7  | 60.398 |   56.598  |   20.54   | 60.398 | 60.398 | 60.398 |
| WayPoint8  | 60.398 |   56.598  |    28.8   | 60.398 | 60.398 | 60.398 |
| WayPoint9  | 60.398 |   33.196  |   41.77   | 60.398 | 60.398 | 60.398 |
+------------+--------+-----------+-----------+--------+--------+--------+
Average idleness: 51.338
-----------
Variance idleness: 191.516
-----------
Total visits: 3
