+------------+--------+-----------+-----------+--------+--------+--------+
| Dest name  |  true  | remaining | estimated |  mean  |  max   |  min   |
+------------+--------+-----------+-----------+--------+--------+--------+
| WayPoint1  | 60.277 |   56.475  |   26.12   | 60.277 | 60.277 | 60.277 |
| WayPoint10 | 60.278 |   18.878  |    30.5   | 60.278 | 60.278 | 60.278 |
| WayPoint2  |  39.8  |   35.998  |   36.28   | 30.139 |  39.8  | 20.478 |
|            | 20.478 |   11.878  |    48.5   |        |        |        |
| WayPoint3  |  46.0  |   41.997  |   36.95   | 30.139 |  46.0  | 14.278 |
|            | 14.278 |   14.278  |     0     |        |        |        |
| WayPoint4  | 60.278 |   13.278  |   28.26   | 60.278 | 60.278 | 60.278 |
| WayPoint5  | 60.278 |   19.878  |   51.39   | 60.278 | 60.278 | 60.278 |
| WayPoint6  |  40.4  |   10.999  |   10.54   | 30.139 |  40.4  | 19.878 |
|            | 19.878 |   19.878  |     0     |        |        |        |
| WayPoint7  | 28.803 |   25.001  |   20.54   | 30.139 | 31.475 | 28.803 |
|            | 31.475 |   31.475  |     0     |        |        |        |
| WayPoint8  | 60.278 |   56.275  |    28.8   | 60.278 | 60.278 | 60.278 |
| WayPoint9  |  47.8  |   43.998  |   35.02   | 30.139 |  47.8  | 12.478 |
|            | 12.478 |   12.478  |     0     |        |        |        |
+------------+--------+-----------+-----------+--------+--------+--------+
Average idleness: 45.208
-----------
Variance idleness: 227.087
-----------
Total visits: 6
