+------------+--------+-----------+-----------+----------+--------+--------+--------+
| Dest name  |  true  | remaining | estimated | path_len |  mean  |  max   |  min   |
+------------+--------+-----------+-----------+----------+--------+--------+--------+
| WayPoint1  | 60.274 |   60.274  |     0     |   0.0    | 60.274 | 60.274 | 60.274 |
| WayPoint10 | 60.274 |   57.874  |   43.43   |  11.292  | 60.274 | 60.274 | 60.274 |
| WayPoint11 | 60.274 |   57.674  |   55.85   |  14.522  | 60.274 | 60.274 | 60.274 |
| WayPoint2  | 60.274 |   42.674  |   43.69   |  11.359  | 60.274 | 60.274 | 60.274 |
| WayPoint3  | 60.274 |   60.274  |     0     |   0.0    | 60.274 | 60.274 | 60.274 |
| WayPoint4  | 60.274 |   60.274  |     0     |   0.0    | 60.274 | 60.274 | 60.274 |
| WayPoint5  | 60.274 |   40.273  |   26.34   |  6.847   | 60.274 | 60.274 | 60.274 |
| WayPoint6  |  16.6  |    14.0   |   16.44   |  4.275   | 30.137 | 43.674 |  16.6  |
|            | 43.674 |   43.674  |     0     |   0.0    |        |        |        |
| WayPoint7  |  19.4  |    17.0   |   15.13   |  3.933   | 30.137 | 40.875 |  19.4  |
|            | 40.875 |   40.875  |     0     |   0.0    |        |        |        |
| WayPoint8  | 60.275 |   60.275  |     0     |   0.0    | 60.275 | 60.275 | 60.275 |
| WayPoint9  | 60.275 |   60.275  |     0     |   0.0    | 60.275 | 60.275 | 60.275 |
+------------+--------+-----------+-----------+----------+--------+--------+--------+
Average idleness: 54.795
-----------
Variance idleness: 135.112
-----------
Total visits: 2
