+------------+--------+-----------+-----------+----------+--------+--------+--------+
| Dest name  |  true  | remaining | estimated | path_len |  mean  |  max   |  min   |
+------------+--------+-----------+-----------+----------+--------+--------+--------+
| WayPoint1  | 60.431 |   60.431  |     0     |   0.0    | 60.431 | 60.431 | 60.431 |
| WayPoint10 | 60.431 |   60.431  |     0     |   0.0    | 60.431 | 60.431 | 60.431 |
| WayPoint11 | 60.431 |   60.431  |     0     |   0.0    | 60.431 | 60.431 | 60.431 |
| WayPoint2  | 60.431 |   60.431  |     0     |   0.0    | 60.431 | 60.431 | 60.431 |
| WayPoint3  |  32.0  |    29.0   |   25.97   |  6.752   | 30.215 |  32.0  | 28.431 |
|            | 28.431 |   28.431  |     0     |   0.0    |        |        |        |
| WayPoint4  | 60.431 |   60.431  |     0     |   0.0    | 60.431 | 60.431 | 60.431 |
| WayPoint5  | 60.431 |   58.031  |   33.78   |  8.783   | 60.431 | 60.431 | 60.431 |
| WayPoint6  | 60.431 |   27.43   |   26.36   |  6.854   | 60.431 | 60.431 | 60.431 |
| WayPoint7  | 60.431 |   60.431  |     0     |   0.0    | 60.431 | 60.431 | 60.431 |
| WayPoint8  | 60.431 |   57.431  |    14.6   |  3.797   | 60.431 | 60.431 | 60.431 |
| WayPoint9  | 60.431 |   57.231  |    51.9   |  13.494  | 60.431 | 60.431 | 60.431 |
+------------+--------+-----------+-----------+----------+--------+--------+--------+
Average idleness: 57.684
-----------
Variance idleness: 75.455
-----------
Total visits: 1
