+------------+--------+-----------+-----------+----------+--------+--------+--------+
| Dest name  |  true  | remaining | estimated | path_len |  mean  |  max   |  min   |
+------------+--------+-----------+-----------+----------+--------+--------+--------+
| WayPoint1  | 60.364 |   60.364  |     0     |   0.0    | 60.364 | 60.364 | 60.364 |
| WayPoint10 | 60.364 |   60.364  |     0     |   0.0    | 60.364 | 60.364 | 60.364 |
| WayPoint11 | 60.364 |   60.364  |     0     |   0.0    | 60.364 | 60.364 | 60.364 |
| WayPoint2  | 51.001 |    47.0   |   40.15   |  10.439  | 30.182 | 51.001 | 9.363  |
|            | 9.363  |   9.363   |     0     |   0.0    |        |        |        |
| WayPoint3  | 60.364 |   57.764  |   35.36   |  9.194   | 60.364 | 60.364 | 60.364 |
| WayPoint4  | 60.364 |   42.163  |   21.18   |  5.507   | 60.364 | 60.364 | 60.364 |
| WayPoint5  | 60.364 |   8.362   |   54.55   |  14.182  | 60.364 | 60.364 | 60.364 |
| WayPoint6  |  17.2  |    13.0   |   16.42   |   4.27   | 30.182 | 43.164 |  17.2  |
|            | 43.164 |   43.164  |     0     |   0.0    |        |        |        |
| WayPoint7  | 60.364 |   56.363  |   29.76   |  7.737   | 60.364 | 60.364 | 60.364 |
| WayPoint8  | 60.364 |   60.364  |     0     |   0.0    | 60.364 | 60.364 | 60.364 |
| WayPoint9  | 60.364 |   60.364  |     0     |   0.0    | 60.364 | 60.364 | 60.364 |
+------------+--------+-----------+-----------+----------+--------+--------+--------+
Average idleness: 54.876
-----------
Variance idleness: 135.514
-----------
Total visits: 2
