+------------+--------+-----------+-----------+----------+--------+--------+--------+
| Dest name  |  true  | remaining | estimated | path_len |  mean  |  max   |  min   |
+------------+--------+-----------+-----------+----------+--------+--------+--------+
| WayPoint1  | 60.319 |   56.519  |   32.92   |  8.558   | 60.319 | 60.319 | 60.319 |
| WayPoint10 | 60.319 |   56.519  |   43.43   |  11.292  | 60.319 | 60.319 | 60.319 |
| WayPoint11 | 60.319 |   60.319  |     0     |   0.0    | 60.319 | 60.319 | 60.319 |
| WayPoint2  | 60.319 |   60.319  |     0     |   0.0    | 60.319 | 60.319 | 60.319 |
| WayPoint3  |  48.0  |    44.0   |   36.56   |  9.506   | 30.16  |  48.0  | 12.319 |
|            | 12.319 |   12.319  |     0     |   0.0    |        |        |        |
| WayPoint4  | 60.319 |   11.319  |    25.6   |  6.657   | 60.319 | 60.319 | 60.319 |
| WayPoint5  | 60.319 |   60.319  |     0     |   0.0    | 60.319 | 60.319 | 60.319 |
| WayPoint6  | 60.319 |   60.319  |     0     |   0.0    | 60.319 | 60.319 | 60.319 |
| WayPoint7  | 60.319 |   60.319  |     0     |   0.0    | 60.319 | 60.319 | 60.319 |
| WayPoint8  | 60.319 |   7.519   |   14.56   |  3.785   | 60.319 | 60.319 | 60.319 |
| WayPoint9  |  51.8  |    48.0   |   37.99   |  9.876   | 30.159 |  51.8  | 8.519  |
|            | 8.519  |   8.519   |     0     |   0.0    |        |        |        |
+------------+--------+-----------+-----------+----------+--------+--------+--------+
Average idleness: 54.835
-----------
Variance idleness: 135.312
-----------
Total visits: 2
