+------------+--------+-----------+-----------+----------+--------+--------+--------+
| Dest name  |  true  | remaining | estimated | path_len |  mean  |  max   |  min   |
+------------+--------+-----------+-----------+----------+--------+--------+--------+
| WayPoint1  | 60.351 |   57.751  |   64.27   |  16.709  | 60.351 | 60.351 | 60.351 |
| WayPoint10 | 60.351 |   11.151  |   27.92   |  7.259   | 60.351 | 60.351 | 60.351 |
| WayPoint11 | 60.351 |   60.351  |     0     |   0.0    | 60.351 | 60.351 | 60.351 |
| WayPoint2  | 60.351 |   57.551  |   40.15   |  10.439  | 60.351 | 60.351 | 60.351 |
| WayPoint3  | 60.351 |   60.351  |     0     |   0.0    | 60.351 | 60.351 | 60.351 |
| WayPoint4  | 60.351 |   57.751  |   41.09   |  10.684  | 60.351 | 60.351 | 60.351 |
| WayPoint5  | 60.351 |   60.351  |     0     |   0.0    | 60.351 | 60.351 | 60.351 |
| WayPoint6  | 60.351 |   60.351  |     0     |   0.0    | 60.351 | 60.351 | 60.351 |
| WayPoint7  | 60.351 |   60.351  |     0     |   0.0    | 60.351 | 60.351 | 60.351 |
| WayPoint8  | 48.201 |   45.001  |   41.78   |  10.863  | 30.175 | 48.201 | 12.15  |
|            | 12.15  |   12.15   |     0     |   0.0    |        |        |        |
| WayPoint9  | 60.351 |   60.351  |     0     |   0.0    | 60.351 | 60.351 | 60.351 |
+------------+--------+-----------+-----------+----------+--------+--------+--------+
Average idleness: 57.608
-----------
Variance idleness: 75.255
-----------
Total visits: 1
