+------------+--------+-----------+-----------+----------+--------+--------+--------+
| Dest name  |  true  | remaining | estimated | path_len |  mean  |  max   |  min   |
+------------+--------+-----------+-----------+----------+--------+--------+--------+
| WayPoint1  | 60.239 |   57.638  |   32.92   |  8.558   | 60.239 | 60.239 | 60.239 |
| WayPoint10 | 60.239 |   18.439  |   15.48   |  4.025   | 60.239 | 60.239 | 60.239 |
| WayPoint11 | 60.239 |   60.239  |     0     |   0.0    | 60.239 | 60.239 | 60.239 |
| WayPoint2  | 60.239 |   60.239  |     0     |   0.0    | 60.239 | 60.239 | 60.239 |
| WayPoint3  | 60.239 |   60.239  |     0     |   0.0    | 60.239 | 60.239 | 60.239 |
| WayPoint4  | 60.239 |   60.239  |     0     |   0.0    | 60.239 | 60.239 | 60.239 |
| WayPoint5  | 60.239 |   60.239  |     0     |   0.0    | 60.239 | 60.239 | 60.239 |
| WayPoint6  | 60.239 |   21.239  |   31.43   |  8.171   | 60.239 | 60.239 | 60.239 |
| WayPoint7  |  40.8  |    38.0   |   29.76   |  7.737   | 30.119 |  40.8  | 19.439 |
|            | 19.439 |   19.439  |     0     |   0.0    |        |        |        |
| WayPoint8  |  38.6  |   35.999  |   27.75   |  7.214   | 30.12  |  38.6  | 21.639 |
|            | 21.639 |   21.639  |     0     |   0.0    |        |        |        |
| WayPoint9  | 60.239 |   57.638  |   51.92   |  13.499  | 60.239 | 60.239 | 60.239 |
+------------+--------+-----------+-----------+----------+--------+--------+--------+
Average idleness: 54.763
-----------
Variance idleness: 134.953
-----------
Total visits: 2
