+------------+--------+-----------+-----------+----------+--------+--------+--------+
| Dest name  |  true  | remaining | estimated | path_len |  mean  |  max   |  min   |
+------------+--------+-----------+-----------+----------+--------+--------+--------+
| WayPoint1  | 60.273 |   57.47   |   60.55   |  15.744  | 60.273 | 60.273 | 60.273 |
| WayPoint10 | 60.273 |   60.273  |     0     |   0.0    | 60.273 | 60.273 | 60.273 |
| WayPoint11 | 60.273 |   57.672  |   43.59   |  11.334  | 60.273 | 60.273 | 60.273 |
| WayPoint2  | 60.273 |   60.273  |     0     |   0.0    | 60.273 | 60.273 | 60.273 |
| WayPoint3  | 60.273 |   60.273  |     0     |   0.0    | 60.273 | 60.273 | 60.273 |
| WayPoint4  | 60.273 |   60.273  |     0     |   0.0    | 60.273 | 60.273 | 60.273 |
| WayPoint5  | 60.273 |   60.273  |     0     |   0.0    | 60.273 | 60.273 | 60.273 |
| WayPoint6  | 60.273 |   57.672  |   41.55   |  10.804  | 60.273 | 60.273 | 60.273 |
| WayPoint7  | 60.273 |   60.273  |     0     |   0.0    | 60.273 | 60.273 | 60.273 |
| WayPoint8  | 60.273 |   57.672  |   45.45   |  11.816  | 60.273 | 60.273 | 60.273 |
| WayPoint9  | 60.273 |   60.273  |     0     |   0.0    | 60.273 | 60.273 | 60.273 |
+------------+--------+-----------+-----------+----------+--------+--------+--------+
Average idleness: 60.273
-----------
Variance idleness: 0.0
-----------
Total visits: 0
