+------------+--------+-----------+-----------+----------+--------+--------+--------+
| Dest name  |  true  | remaining | estimated | path_len |  mean  |  max   |  min   |
+------------+--------+-----------+-----------+----------+--------+--------+--------+
| WayPoint1  | 60.242 |   57.242  |   60.59   |  15.753  | 60.242 | 60.242 | 60.242 |
| WayPoint10 | 60.242 |   57.642  |   43.43   |  11.292  | 60.242 | 60.242 | 60.242 |
| WayPoint11 | 60.242 |   60.242  |     0     |   0.0    | 60.242 | 60.242 | 60.242 |
| WayPoint2  | 60.242 |   60.242  |     0     |   0.0    | 60.242 | 60.242 | 60.242 |
| WayPoint3  | 60.242 |   60.242  |     0     |   0.0    | 60.242 | 60.242 | 60.242 |
| WayPoint4  | 60.242 |    3.24   |   15.44   |  4.015   | 60.242 | 60.242 | 60.242 |
| WayPoint5  | 60.244 |   57.844  |   52.14   |  13.557  | 60.244 | 60.244 | 60.244 |
| WayPoint6  |  35.4  |    33.0   |   29.33   |  7.626   | 30.122 |  35.4  | 24.844 |
|            | 24.844 |   24.844  |     0     |   0.0    |        |        |        |
| WayPoint7  |  56.0  |    20.0   |   16.79   |  4.365   | 30.122 |  56.0  | 4.244  |
|            | 4.244  |   4.244   |     0     |   0.0    |        |        |        |
| WayPoint8  | 60.244 |   60.244  |     0     |   0.0    | 60.244 | 60.244 | 60.244 |
| WayPoint9  | 60.244 |   60.244  |     0     |   0.0    | 60.244 | 60.244 | 60.244 |
+------------+--------+-----------+-----------+----------+--------+--------+--------+
Average idleness: 54.766
-----------
Variance idleness: 134.963
-----------
Total visits: 2
