+------------+--------+-----------+-----------+----------+--------+--------+--------+
| Dest name  |  true  | remaining | estimated | path_len |  mean  |  max   |  min   |
+------------+--------+-----------+-----------+----------+--------+--------+--------+
| WayPoint1  | 60.368 |   60.368  |     0     |   0.0    | 60.368 | 60.368 | 60.368 |
| WayPoint10 | 60.368 |   60.368  |     0     |   0.0    | 60.368 | 60.368 | 60.368 |
| WayPoint11 | 60.369 |   57.768  |   43.59   |  11.334  | 60.369 | 60.369 | 60.369 |
| WayPoint2  | 60.369 |   60.369  |     0     |   0.0    | 60.369 | 60.369 | 60.369 |
| WayPoint3  | 60.369 |   60.369  |     0     |   0.0    | 60.369 | 60.369 | 60.369 |
| WayPoint4  | 60.369 |   60.369  |     0     |   0.0    | 60.369 | 60.369 | 60.369 |
| WayPoint5  | 60.369 |   57.569  |   33.78   |  8.783   | 60.369 | 60.369 | 60.369 |
| WayPoint6  | 60.369 |   57.569  |   41.55   |  10.804  | 60.369 | 60.369 | 60.369 |
| WayPoint7  |  51.6  |   48.999  |   26.05   |  6.772   | 30.184 |  51.6  | 8.769  |
|            | 8.769  |   8.769   |     0     |   0.0    |        |        |        |
| WayPoint8  | 60.369 |   60.369  |     0     |   0.0    | 60.369 | 60.369 | 60.369 |
| WayPoint9  | 60.369 |   8.368   |   42.04   |  10.93   | 60.369 | 60.369 | 60.369 |
+------------+--------+-----------+-----------+----------+--------+--------+--------+
Average idleness: 57.625
-----------
Variance idleness: 75.299
-----------
Total visits: 1
