+------------+--------+-----------+-----------+----------+--------+--------+--------+
| Dest name  |  true  | remaining | estimated | path_len |  mean  |  max   |  min   |
+------------+--------+-----------+-----------+----------+--------+--------+--------+
| WayPoint1  | 60.232 |   57.832  |   46.61   |  12.12   | 60.232 | 60.232 | 60.232 |
| WayPoint10 | 60.232 |   60.232  |     0     |   0.0    | 60.232 | 60.232 | 60.232 |
| WayPoint11 | 60.232 |   60.232  |     0     |   0.0    | 60.232 | 60.232 | 60.232 |
| WayPoint2  | 60.232 |   60.232  |     0     |   0.0    | 60.232 | 60.232 | 60.232 |
| WayPoint3  |  48.8  |   14.999  |   11.56   |  3.007   | 30.116 |  48.8  | 11.432 |
|            | 11.432 |   11.432  |     0     |   0.0    |        |        |        |
| WayPoint4  | 60.232 |   57.832  |   41.09   |  10.684  | 60.232 | 60.232 | 60.232 |
| WayPoint5  | 60.232 |   57.632  |   33.78   |  8.783   | 60.232 | 60.232 | 60.232 |
| WayPoint6  | 60.232 |   60.232  |     0     |   0.0    | 60.232 | 60.232 | 60.232 |
| WayPoint7  |  32.8  |    30.0   |   25.99   |  6.758   | 30.116 |  32.8  | 27.432 |
|            | 27.432 |   27.432  |     0     |   0.0    |        |        |        |
| WayPoint8  | 60.232 |   60.232  |     0     |   0.0    | 60.232 | 60.232 | 60.232 |
| WayPoint9  | 60.232 |   10.431  |   35.74   |  9.292   | 60.232 | 60.232 | 60.232 |
+------------+--------+-----------+-----------+----------+--------+--------+--------+
Average idleness: 54.756
-----------
Variance idleness: 134.922
-----------
Total visits: 2
