+------------+--------+-----------+-----------+----------+--------+--------+--------+
| Dest name  |  true  | remaining | estimated | path_len |  mean  |  max   |  min   |
+------------+--------+-----------+-----------+----------+--------+--------+--------+
| WayPoint1  |  58.2  |   19.999  |   19.39   |  5.041   | 30.16  |  58.2  | 2.119  |
|            | 2.119  |   2.119   |     0     |   0.0    |        |        |        |
| WayPoint10 | 60.319 |   10.319  |   29.31   |   7.62   | 60.319 | 60.319 | 60.319 |
| WayPoint11 |  41.0  |    38.0   |   33.64   |  8.748   | 30.16  |  41.0  | 19.319 |
|            | 19.319 |   19.319  |     0     |   0.0    |        |        |        |
| WayPoint2  | 60.319 |   57.519  |   27.26   |  7.089   | 60.319 | 60.319 | 60.319 |
| WayPoint3  | 60.319 |   10.319  |   36.92   |   9.6    | 60.319 | 60.319 | 60.319 |
| WayPoint4  |  49.0  |    46.0   |   43.12   |  11.211  | 30.16  |  49.0  | 11.319 |
|            | 11.319 |   11.319  |     0     |   0.0    |        |        |        |
| WayPoint5  |  49.0  |    46.0   |   36.93   |  9.603   | 30.16  |  49.0  | 11.319 |
|            | 11.319 |   1.119   |   60.94   |  15.845  |        |        |        |
| WayPoint6  | 60.319 |   18.317  |   21.79   |  5.667   | 60.319 | 60.319 | 60.319 |
| WayPoint7  | 60.319 |   60.319  |     0     |   0.0    | 60.319 | 60.319 | 60.319 |
| WayPoint8  |  37.6  |    35.0   |   27.75   |  7.214   | 30.16  |  37.6  | 22.719 |
|            | 22.719 |   22.719  |     0     |   0.0    |        |        |        |
| WayPoint9  | 60.319 |   57.719  |   55.67   |  14.475  | 60.319 | 60.319 | 60.319 |
+------------+--------+-----------+-----------+----------+--------+--------+--------+
Average idleness: 46.61
-----------
Variance idleness: 225.512
-----------
Total visits: 6
