+------------+--------+-----------+-----------+----------+--------+--------+--------+
| Dest name  |  true  | remaining | estimated | path_len |  mean  |  max   |  min   |
+------------+--------+-----------+-----------+----------+--------+--------+--------+
| WayPoint1  | 35.601 |   32.999  |   28.78   |  7.484   | 30.148 | 35.601 | 24.695 |
|            | 24.695 |   24.695  |     0     |   0.0    |        |        |        |
| WayPoint10 | 60.296 |   57.694  |   43.43   |  11.292  | 60.296 | 60.296 | 60.296 |
| WayPoint11 | 60.296 |   24.295  |   64.72   |  16.826  | 60.296 | 60.296 | 60.296 |
| WayPoint2  | 60.296 |   11.095  |   55.02   |  14.305  | 60.296 | 60.296 | 60.296 |
| WayPoint3  | 60.296 |   60.296  |     0     |   0.0    | 60.296 | 60.296 | 60.296 |
| WayPoint4  | 60.296 |   57.694  |   41.09   |  10.684  | 60.296 | 60.296 | 60.296 |
| WayPoint5  | 48.201 |    33.0   |   26.33   |  6.845   | 30.148 | 48.201 | 12.095 |
|            | 12.095 |   12.095  |     0     |   0.0    |        |        |        |
| WayPoint6  | 60.296 |   60.296  |     0     |   0.0    | 60.296 | 60.296 | 60.296 |
| WayPoint7  | 14.207 |   11.007  |   11.62   |  3.022   | 30.148 | 46.089 | 14.207 |
|            | 46.089 |   46.089  |     0     |   0.0    |        |        |        |
| WayPoint8  | 60.296 |   57.495  |   27.75   |  7.214   | 60.296 | 60.296 | 60.296 |
| WayPoint9  | 60.296 |   57.694  |   51.93   |  13.501  | 60.296 | 60.296 | 60.296 |
+------------+--------+-----------+-----------+----------+--------+--------+--------+
Average idleness: 52.074
-----------
Variance idleness: 180.278
-----------
Total visits: 3
