+------------+--------+-----------+-----------+----------+--------+--------+-------+
| Dest name  |  true  | remaining | estimated | path_len |  mean  |  max   |  min  |
+------------+--------+-----------+-----------+----------+--------+--------+-------+
| WayPoint1  | 60.25  |   56.05   |   60.59   |  15.753  | 60.25  | 60.25  | 60.25 |
| WayPoint10 | 60.25  |   60.25   |     0     |   0.0    | 60.25  | 60.25  | 60.25 |
| WayPoint11 | 54.202 |   50.002  |   40.75   |  10.596  | 30.125 | 54.202 | 6.048 |
|            | 6.048  |   6.048   |     0     |   0.0    |        |        |       |
| WayPoint2  | 60.25  |    4.25   |   27.81   |   7.23   | 60.25  | 60.25  | 60.25 |
| WayPoint3  | 60.25  |   56.85   |   35.36   |  9.194   | 60.25  | 60.25  | 60.25 |
| WayPoint4  | 60.25  |    5.05   |   35.29   |  9.176   | 60.25  | 60.25  | 60.25 |
| WayPoint5  | 60.25  |   56.25   |   33.78   |  8.783   | 60.25  | 60.25  | 60.25 |
| WayPoint6  |  50.2  |    46.0   |   44.03   |  11.448  | 30.125 |  50.2  | 10.05 |
|            | 10.05  |   10.05   |     0     |   0.0    |        |        |       |
| WayPoint7  | 60.25  |    9.05   |   15.69   |   4.08   | 60.25  | 60.25  | 60.25 |
| WayPoint8  | 60.25  |   60.25   |     0     |   0.0    | 60.25  | 60.25  | 60.25 |
| WayPoint9  |  55.4  |    52.0   |   37.99   |  9.876   | 30.125 |  55.4  |  4.85 |
|            |  4.85  |    4.85   |     0     |   0.0    |        |        |       |
+------------+--------+-----------+-----------+----------+--------+--------+-------+
Average idleness: 52.034
-----------
Variance idleness: 180.003
-----------
Total visits: 3
