+------------+--------+-----------+-----------+----------+--------+--------+--------+
| Dest name  |  true  | remaining | estimated | path_len |  mean  |  max   |  min   |
+------------+--------+-----------+-----------+----------+--------+--------+--------+
| WayPoint1  | 60.385 |   33.182  |   49.93   |  12.981  | 60.385 | 60.385 | 60.385 |
| WayPoint10 | 60.385 |   57.585  |   43.43   |  11.292  | 60.385 | 60.385 | 60.385 |
| WayPoint11 | 60.385 |   57.381  |   58.35   |  15.172  | 60.385 | 60.385 | 60.385 |
| WayPoint2  | 60.385 |   57.785  |   27.26   |  7.089   | 60.385 | 60.385 | 60.385 |
| WayPoint3  | 60.385 |   25.985  |   36.91   |  9.597   | 60.385 | 60.385 | 60.385 |
| WayPoint4  | 26.801 |   24.001  |   25.44   |  6.616   | 30.193 | 33.585 | 26.801 |
|            | 33.585 |   33.585  |     0     |   0.0    |        |        |        |
| WayPoint5  | 33.41  |   17.01   |   16.72   |  4.346   | 30.193 | 33.41  | 26.976 |
|            | 26.976 |   26.976  |     0     |   0.0    |        |        |        |
| WayPoint6  | 15.805 |   13.005  |   16.44   |  4.275   | 30.193 | 44.581 | 15.805 |
|            | 44.581 |   44.581  |     0     |   0.0    |        |        |        |
| WayPoint7  | 60.386 |   60.386  |     0     |   0.0    | 60.386 | 60.386 | 60.386 |
| WayPoint8  | 60.386 |   60.386  |     0     |   0.0    | 60.386 | 60.386 | 60.386 |
| WayPoint9  | 60.386 |   57.586  |   37.99   |  9.876   | 60.386 | 60.386 | 60.386 |
+------------+--------+-----------+-----------+----------+--------+--------+--------+
Average idleness: 52.151
-----------
Variance idleness: 180.809
-----------
Total visits: 3
