+------------+--------+-----------+-----------+----------+--------+--------+--------+
| Dest name  |  true  | remaining | estimated | path_len |  mean  |  max   |  min   |
+------------+--------+-----------+-----------+----------+--------+--------+--------+
| WayPoint1  | 60.295 |   7.893   |   19.51   |  5.072   | 60.295 | 60.295 | 60.295 |
| WayPoint10 | 60.295 |   60.295  |     0     |   0.0    | 60.295 | 60.295 | 60.295 |
| WayPoint11 | 60.295 |   15.294  |    59.9   |  15.573  | 60.295 | 60.295 | 60.295 |
| WayPoint2  | 44.001 |   40.999  |   37.19   |   9.67   | 30.148 | 44.001 | 16.294 |
|            | 16.294 |   16.294  |     0     |   0.0    |        |        |        |
| WayPoint3  | 60.295 |   57.293  |   36.64   |  9.527   | 60.295 | 60.295 | 60.295 |
| WayPoint4  | 60.295 |   57.293  |   35.29   |  9.176   | 60.295 | 60.295 | 60.295 |
| WayPoint5  | 60.295 |   57.694  |   39.92   |  10.38   | 60.295 | 60.295 | 60.295 |
| WayPoint6  | 60.295 |   57.694  |   41.55   |  10.804  | 60.295 | 60.295 | 60.295 |
| WayPoint7  | 33.001 |   29.999  |   28.73   |   7.47   | 30.148 | 33.001 | 27.294 |
|            | 27.294 |   27.294  |     0     |   0.0    |        |        |        |
| WayPoint8  | 51.405 |   18.005  |   16.13   |  4.193   | 30.148 | 51.405 |  8.89  |
|            |  8.89  |    8.89   |     0     |   0.0    |        |        |        |
| WayPoint9  | 60.295 |   60.295  |     0     |   0.0    | 60.295 | 60.295 | 60.295 |
+------------+--------+-----------+-----------+----------+--------+--------+--------+
Average idleness: 52.073
-----------
Variance idleness: 180.266
-----------
Total visits: 3
