+------------+--------+-----------+-----------+----------+--------+--------+--------+
| Dest name  |  true  | remaining | estimated | path_len |  mean  |  max   |  min   |
+------------+--------+-----------+-----------+----------+--------+--------+--------+
| WayPoint1  | 60.252 |   57.652  |   46.61   |  12.12   | 60.252 | 60.252 | 60.252 |
| WayPoint10 | 60.252 |   57.052  |   43.43   |  11.292  | 60.252 | 60.252 | 60.252 |
| WayPoint11 | 60.252 |   57.652  |   55.85   |  14.522  | 60.252 | 60.252 | 60.252 |
| WayPoint2  | 60.252 |   57.252  |   54.06   |  14.055  | 60.252 | 60.252 | 60.252 |
| WayPoint3  | 60.252 |   57.452  |   37.38   |  9.719   | 60.252 | 60.252 | 60.252 |
| WayPoint4  | 60.252 |   60.252  |     0     |   0.0    | 60.252 | 60.252 | 60.252 |
| WayPoint5  | 60.252 |   60.252  |     0     |   0.0    | 60.252 | 60.252 | 60.252 |
| WayPoint6  | 60.252 |   57.052  |   26.37   |  6.857   | 60.252 | 60.252 | 60.252 |
| WayPoint7  | 60.252 |   60.252  |     0     |   0.0    | 60.252 | 60.252 | 60.252 |
| WayPoint8  | 60.252 |   60.252  |     0     |   0.0    | 60.252 | 60.252 | 60.252 |
| WayPoint9  | 60.252 |   60.252  |     0     |   0.0    | 60.252 | 60.252 | 60.252 |
+------------+--------+-----------+-----------+----------+--------+--------+--------+
Average idleness: 60.252
-----------
Variance idleness: 0.0
-----------
Total visits: 0
