+------------+--------+-----------+-----------+----------+--------+--------+--------+
| Dest name  |  true  | remaining | estimated | path_len |  mean  |  max   |  min   |
+------------+--------+-----------+-----------+----------+--------+--------+--------+
| WayPoint1  | 60.291 |   56.091  |   28.81   |  7.491   | 60.291 | 60.291 | 60.291 |
| WayPoint10 | 60.292 |   56.092  |   26.14   |  6.797   | 60.292 | 60.292 | 60.292 |
| WayPoint11 | 60.292 |   60.292  |     0     |   0.0    | 60.292 | 60.292 | 60.292 |
| WayPoint2  | 60.292 |   60.292  |     0     |   0.0    | 60.292 | 60.292 | 60.292 |
| WayPoint3  | 60.292 |   60.292  |     0     |   0.0    | 60.292 | 60.292 | 60.292 |
| WayPoint4  |  49.2  |    45.0   |   31.52   |  8.195   | 30.146 |  49.2  | 11.092 |
|            | 11.092 |   11.092  |     0     |   0.0    |        |        |        |
| WayPoint5  | 60.292 |   60.292  |     0     |   0.0    | 60.292 | 60.292 | 60.292 |
| WayPoint6  | 60.292 |   57.692  |   41.55   |  10.804  | 60.292 | 60.292 | 60.292 |
| WayPoint7  | 60.292 |   10.092  |   15.06   |  3.916   | 60.292 | 60.292 | 60.292 |
| WayPoint8  | 60.292 |   57.492  |   27.75   |  7.214   | 60.292 | 60.292 | 60.292 |
| WayPoint9  | 60.292 |   56.292  |   55.67   |  14.475  | 60.292 | 60.292 | 60.292 |
+------------+--------+-----------+-----------+----------+--------+--------+--------+
Average idleness: 57.551
-----------
Variance idleness: 75.105
-----------
Total visits: 1
