+------------+--------+-----------+-----------+----------+--------+--------+--------+
| Dest name  |  true  | remaining | estimated | path_len |  mean  |  max   |  min   |
+------------+--------+-----------+-----------+----------+--------+--------+--------+
| WayPoint1  | 60.079 |   57.279  |   28.78   |  7.484   | 60.079 | 60.079 | 60.079 |
| WayPoint10 | 60.079 |   46.079  |   15.22   |  3.958   | 60.079 | 60.079 | 60.079 |
| WayPoint11 | 60.079 |   60.079  |     0     |   0.0    | 60.079 | 60.079 | 60.079 |
| WayPoint2  | 53.604 |   51.003  |   40.15   |  10.439  | 30.04  | 53.604 | 6.475  |
|            | 6.475  |   6.475   |     0     |   0.0    |        |        |        |
| WayPoint3  | 44.002 |   41.002  |   36.63   |  9.525   | 30.04  | 44.002 | 16.077 |
|            | 16.077 |   16.077  |     0     |   0.0    |        |        |        |
| WayPoint4  | 60.079 |   57.279  |   35.29   |  9.176   | 60.079 | 60.079 | 60.079 |
| WayPoint5  | 60.079 |   15.078  |   37.05   |  9.634   | 60.079 | 60.079 | 60.079 |
| WayPoint6  | 60.079 |   5.877   |   45.18   |  11.746  | 60.079 | 60.079 | 60.079 |
| WayPoint7  | 13.401 |   10.999  |   11.62   |  3.022   | 30.039 | 46.678 | 13.401 |
|            | 46.678 |   46.678  |     0     |   0.0    |        |        |        |
| WayPoint8  | 60.079 |   57.279  |    14.6   |  3.797   | 60.079 | 60.079 | 60.079 |
| WayPoint9  | 60.079 |   60.079  |     0     |   0.0    | 60.079 | 60.079 | 60.079 |
+------------+--------+-----------+-----------+----------+--------+--------+--------+
Average idleness: 51.886
-----------
Variance idleness: 178.981
-----------
Total visits: 3
