+------------+--------+-----------+-----------+----------+--------+--------+--------+
| Dest name  |  true  | remaining | estimated | path_len |  mean  |  max   |  min   |
+------------+--------+-----------+-----------+----------+--------+--------+--------+
| WayPoint1  | 52.001 |   48.001  |   44.13   |  11.473  | 30.096 | 52.001 | 8.192  |
|            | 8.192  |   0.193   |   44.16   |  11.482  |        |        |        |
| WayPoint10 | 60.193 |   60.193  |     0     |   0.0    | 60.193 | 60.193 | 60.193 |
| WayPoint11 | 60.193 |   60.193  |     0     |   0.0    | 60.193 | 60.193 | 60.193 |
| WayPoint2  | 60.193 |   39.193  |   28.71   |  7.464   | 60.193 | 60.193 | 60.193 |
| WayPoint3  |  59.0  |    55.0   |   37.38   |  9.719   | 30.096 |  59.0  | 1.193  |
|            | 1.193  |   1.193   |     0     |   0.0    |        |        |        |
| WayPoint4  | 60.193 |   7.193   |   50.49   |  13.126  | 60.193 | 60.193 | 60.193 |
| WayPoint5  | 60.193 |   57.592  |   52.14   |  13.557  | 60.193 | 60.193 | 60.193 |
| WayPoint6  | 60.193 |   57.393  |   21.79   |  5.667   | 60.193 | 60.193 | 60.193 |
| WayPoint7  | 20.601 |    18.0   |   15.13   |  3.933   | 30.096 | 39.592 | 20.601 |
|            | 39.592 |   39.592  |     0     |   0.0    |        |        |        |
| WayPoint8  | 60.193 |   60.193  |     0     |   0.0    | 60.193 | 60.193 | 60.193 |
| WayPoint9  | 60.193 |   56.193  |   51.92   |   13.5   | 60.193 | 60.193 | 60.193 |
+------------+--------+-----------+-----------+----------+--------+--------+--------+
Average idleness: 51.985
-----------
Variance idleness: 179.669
-----------
Total visits: 4
