+------------+--------+-----------+-----------+----------+--------+--------+--------+
| Dest name  |  true  | remaining | estimated | path_len |  mean  |  max   |  min   |
+------------+--------+-----------+-----------+----------+--------+--------+--------+
| WayPoint1  | 60.315 |   16.113  |   36.21   |  9.414   | 60.315 | 60.315 | 60.315 |
| WayPoint10 |  51.0  |    48.0   |   39.63   |  10.305  | 30.157 |  51.0  | 9.315  |
|            | 9.315  |   9.315   |     0     |   0.0    |        |        |        |
| WayPoint11 | 60.315 |   57.515  |   58.35   |  15.172  | 60.315 | 60.315 | 60.315 |
| WayPoint2  | 60.315 |   57.515  |   57.82   |  15.033  | 60.315 | 60.315 | 60.315 |
| WayPoint3  | 60.315 |   8.315   |   26.21   |  6.815   | 60.315 | 60.315 | 60.315 |
| WayPoint4  |  27.8  |    25.0   |   25.46   |  6.619   | 30.157 | 32.515 |  27.8  |
|            | 32.515 |   32.515  |     0     |   0.0    |        |        |        |
| WayPoint5  | 60.315 |   57.515  |   52.14   |  13.557  | 60.315 | 60.315 | 60.315 |
| WayPoint6  | 60.315 |   60.315  |     0     |   0.0    | 60.315 | 60.315 | 60.315 |
| WayPoint7  |  43.2  |    15.0   |   15.09   |  3.924   | 30.157 |  43.2  | 17.115 |
|            | 17.115 |   17.115  |     0     |   0.0    |        |        |        |
| WayPoint8  |  52.8  |    50.0   |   27.75   |  7.214   | 30.157 |  52.8  | 7.515  |
|            | 7.515  |   7.515   |     0     |   0.0    |        |        |        |
| WayPoint9  | 60.315 |    6.91   |   14.68   |  3.816   | 60.315 | 60.315 | 60.315 |
+------------+--------+-----------+-----------+----------+--------+--------+--------+
Average idleness: 49.348
-----------
Variance idleness: 210.464
-----------
Total visits: 4
