+------------+--------+-----------+-----------+----------+--------+--------+--------+
| Dest name  |  true  | remaining | estimated | path_len |  mean  |  max   |  min   |
+------------+--------+-----------+-----------+----------+--------+--------+--------+
| WayPoint1  | 60.194 |   57.794  |   64.27   |  16.709  | 60.194 | 60.194 | 60.194 |
| WayPoint10 | 60.194 |   7.794   |   27.92   |  7.258   | 60.194 | 60.194 | 60.194 |
| WayPoint11 | 60.194 |   60.194  |     0     |   0.0    | 60.194 | 60.194 | 60.194 |
| WayPoint2  | 60.194 |   32.994  |   42.91   |  11.158  | 60.194 | 60.194 | 60.194 |
| WayPoint3  | 60.194 |   57.39   |   37.38   |  9.719   | 60.194 | 60.194 | 60.194 |
| WayPoint4  |  26.6  |    24.0   |   25.48   |  6.624   | 30.097 | 33.594 |  26.6  |
|            | 33.594 |   33.594  |     0     |   0.0    |        |        |        |
| WayPoint5  | 60.194 |   60.194  |     0     |   0.0    | 60.194 | 60.194 | 60.194 |
| WayPoint6  | 60.194 |   60.194  |     0     |   0.0    | 60.194 | 60.194 | 60.194 |
| WayPoint7  | 60.194 |   57.794  |   26.46   |  6.879   | 60.194 | 60.194 | 60.194 |
| WayPoint8  |  51.8  |   48.996  |   27.75   |  7.214   | 30.097 |  51.8  | 8.394  |
|            | 8.394  |   8.394   |     0     |   0.0    |        |        |        |
| WayPoint9  | 60.194 |   57.194  |    51.9   |  13.495  | 60.194 | 60.194 | 60.194 |
+------------+--------+-----------+-----------+----------+--------+--------+--------+
Average idleness: 54.722
-----------
Variance idleness: 134.751
-----------
Total visits: 2
