+------------+--------+-----------+-----------+----------+--------+--------+--------+
| Dest name  |  true  | remaining | estimated | path_len |  mean  |  max   |  min   |
+------------+--------+-----------+-----------+----------+--------+--------+--------+
| WayPoint1  | 60.238 |   56.838  |   32.92   |  8.558   | 60.238 | 60.238 | 60.238 |
| WayPoint10 |  52.0  |   47.999  |   39.73   |  10.329  | 30.119 |  52.0  | 8.238  |
|            | 8.238  |   8.238   |     0     |   0.0    |        |        |        |
| WayPoint11 | 60.238 |   60.238  |     0     |   0.0    | 60.238 | 60.238 | 60.238 |
| WayPoint2  | 60.238 |   56.237  |   57.82   |  15.033  | 60.238 | 60.238 | 60.238 |
| WayPoint3  | 60.238 |   7.238   |    26.0   |   6.76   | 60.238 | 60.238 | 60.238 |
| WayPoint4  | 60.238 |   60.238  |     0     |   0.0    | 60.238 | 60.238 | 60.238 |
| WayPoint5  | 60.238 |   56.037  |   54.62   |  14.201  | 60.238 | 60.238 | 60.238 |
| WayPoint6  |  42.8  |    39.0   |   29.33   |  7.626   | 30.119 |  42.8  | 17.438 |
|            | 17.438 |   17.438  |     0     |   0.0    |        |        |        |
| WayPoint7  | 60.238 |   16.438  |   15.65   |  4.068   | 60.238 | 60.238 | 60.238 |
| WayPoint8  | 60.238 |   60.238  |     0     |   0.0    | 60.238 | 60.238 | 60.238 |
| WayPoint9  | 60.238 |   56.237  |   35.57   |  9.248   | 60.238 | 60.238 | 60.238 |
+------------+--------+-----------+-----------+----------+--------+--------+--------+
Average idleness: 54.762
-----------
Variance idleness: 134.949
-----------
Total visits: 2
