+------------+--------+-----------+-----------+----------+--------+--------+--------+
| Dest name  |  true  | remaining | estimated | path_len |  mean  |  max   |  min   |
+------------+--------+-----------+-----------+----------+--------+--------+--------+
| WayPoint1  | 60.179 |   60.179  |     0     |   0.0    | 60.179 | 60.179 | 60.179 |
| WayPoint10 |  48.8  |    46.0   |   39.64   |  10.307  | 30.089 |  48.8  | 11.379 |
|            | 11.379 |   11.379  |     0     |   0.0    |        |        |        |
| WayPoint11 | 60.179 |   1.177   |    0.0    |   0.0    | 60.179 | 60.179 | 60.179 |
| WayPoint2  |  58.0  |    55.0   |   40.15   |  10.439  | 30.09  |  58.0  | 2.179  |
|            | 2.179  |   2.179   |     0     |   0.0    |        |        |        |
| WayPoint3  | 60.179 |   57.179  |   40.37   |  10.497  | 60.179 | 60.179 | 60.179 |
| WayPoint4  | 60.179 |   60.179  |     0     |   0.0    | 60.179 | 60.179 | 60.179 |
| WayPoint5  | 60.179 |   57.575  |   54.62   |   14.2   | 60.179 | 60.179 | 60.179 |
| WayPoint6  | 60.179 |   10.379  |   29.33   |  7.626   | 60.179 | 60.179 | 60.179 |
| WayPoint7  | 60.179 |   57.575  |   26.46   |  6.879   | 60.179 | 60.179 | 60.179 |
| WayPoint8  | 60.179 |   60.179  |     0     |   0.0    | 60.179 | 60.179 | 60.179 |
| WayPoint9  | 60.179 |   57.575  |   35.57   |  9.248   | 60.179 | 60.179 | 60.179 |
+------------+--------+-----------+-----------+----------+--------+--------+--------+
Average idleness: 54.708
-----------
Variance idleness: 134.684
-----------
Total visits: 2
