+-----------+--------+-----------+-----------+----------+--------+--------+--------+
| Dest name |  true  | remaining | estimated | path_len |  mean  |  max   |  min   |
+-----------+--------+-----------+-----------+----------+--------+--------+--------+
| WayPoint1 |  39.6  |    37.0   |    32.6   |  8.475   | 30.088 |  39.6  | 20.577 |
|           | 20.577 |   20.577  |     0     |   0.0    |        |        |        |
| WayPoint2 | 60.177 |   57.177  |   47.55   |  12.364  | 60.177 | 60.177 | 60.177 |
| WayPoint3 |  46.6  |    44.0   |   39.27   |  10.211  | 30.088 |  46.6  | 13.577 |
|           | 13.577 |   13.577  |     0     |   0.0    |        |        |        |
| WayPoint4 | 60.177 |   19.977  |   48.25   |  12.546  | 60.177 | 60.177 | 60.177 |
| WayPoint5 |  29.6  |    27.0   |   23.26   |  6.047   | 30.088 | 30.577 |  29.6  |
|           | 30.577 |   30.577  |     0     |   0.0    |        |        |        |
| WayPoint6 | 60.177 |   29.977  |    70.0   |   18.2   | 60.177 | 60.177 | 60.177 |
| WayPoint7 | 60.178 |   13.178  |   71.43   |  18.571  | 60.178 | 60.178 | 60.178 |
+-----------+--------+-----------+-----------+----------+--------+--------+--------+
Average idleness: 47.282
-----------
Variance idleness: 221.722
-----------
Total visits: 3
