+-----------+--------+-----------+-----------+----------+--------+--------+--------+
| Dest name |  true  | remaining | estimated | path_len |  mean  |  max   |  min   |
+-----------+--------+-----------+-----------+----------+--------+--------+--------+
| WayPoint1 | 60.219 |   30.619  |   31.48   |  8.184   | 60.219 | 60.219 | 60.219 |
| WayPoint2 |  28.6  |    12.0   |   11.96   |  3.108   | 30.11  | 31.619 |  28.6  |
|           | 31.619 |   17.619  |   63.69   |  16.559  |        |        |        |
| WayPoint3 |  15.6  |    13.0   |   11.98   |  3.116   | 30.11  | 44.619 |  15.6  |
|           | 44.619 |   12.419  |   55.27   |  14.369  |        |        |        |
| WayPoint4 | 60.219 |   57.619  |   64.22   |  16.698  | 60.219 | 60.219 | 60.219 |
| WayPoint5 | 60.219 |   60.219  |     0     |   0.0    | 60.219 | 60.219 | 60.219 |
| WayPoint6 |  46.8  |    44.0   |    19.9   |  5.173   | 30.109 |  46.8  | 13.419 |
|           | 13.419 |   13.419  |     0     |   0.0    |        |        |        |
| WayPoint7 |  41.6  |    39.0   |   32.43   |  8.431   | 30.11  |  41.6  | 18.62  |
|           | 18.62  |   18.62   |     0     |   0.0    |        |        |        |
+-----------+--------+-----------+-----------+----------+--------+--------+--------+
Average idleness: 43.014
-----------
Variance idleness: 222.016
-----------
Total visits: 6
