+-----------+--------+-----------+-----------+----------+--------+--------+--------+
| Dest name |  true  | remaining | estimated | path_len |  mean  |  max   |  min   |
+-----------+--------+-----------+-----------+----------+--------+--------+--------+
| WayPoint1 | 60.182 |   12.582  |   32.51   |  8.454   | 60.182 | 60.182 | 60.182 |
| WayPoint2 |  52.6  |    23.0   |   23.35   |  6.072   | 30.091 |  52.6  | 7.582  |
|           | 7.582  |   7.582   |     0     |   0.0    |        |        |        |
| WayPoint3 | 60.182 |   57.382  |   71.47   |  18.582  | 60.182 | 60.182 | 60.182 |
| WayPoint4 | 60.182 |   57.382  |   64.22   |  16.698  | 60.182 | 60.182 | 60.182 |
| WayPoint5 |  28.6  |    26.0   |   23.26   |  6.047   | 30.091 | 31.582 |  28.6  |
|           | 31.582 |   6.582   |   23.26   |  6.047   |        |        |        |
| WayPoint6 |  23.6  |    21.0   |   16.38   |  4.258   | 30.091 | 36.582 |  23.6  |
|           | 36.582 |   36.582  |     0     |   0.0    |        |        |        |
| WayPoint7 |  46.6  |    22.0   |   20.99   |  5.458   | 30.091 |  46.6  | 13.582 |
|           | 13.582 |   13.582  |     0     |   0.0    |        |        |        |
+-----------+--------+-----------+-----------+----------+--------+--------+--------+
Average idleness: 42.987
-----------
Variance idleness: 221.747
-----------
Total visits: 5
