+-----------+--------+-----------+-----------+----------+--------+--------+--------+
| Dest name |  true  | remaining | estimated | path_len |  mean  |  max   |  min   |
+-----------+--------+-----------+-----------+----------+--------+--------+--------+
| WayPoint1 | 18.801 |    16.0   |    16.4   |  4.264   | 30.099 | 41.396 | 18.801 |
|           | 41.396 |   31.997  |   48.21   |  12.534  |        |        |        |
| WayPoint2 | 60.197 |   10.397  |   47.55   |  12.364  | 60.197 | 60.197 | 60.197 |
| WayPoint3 | 60.197 |   1.997   |   34.57   |  8.989   | 60.197 | 60.197 | 60.197 |
| WayPoint4 |  27.6  |    25.0   |   29.48   |  7.664   | 30.099 | 32.597 |  27.6  |
|           | 32.597 |   32.597  |     0     |   0.0    |        |        |        |
| WayPoint5 | 57.602 |   55.002  |   53.79   |  13.986  | 30.098 | 57.602 | 2.595  |
|           | 2.595  |   2.595   |     0     |   0.0    |        |        |        |
| WayPoint6 | 48.802 |   46.001  |    19.9   |  5.173   | 30.099 | 48.802 | 11.395 |
|           | 11.395 |   11.395  |     0     |   0.0    |        |        |        |
| WayPoint7 | 60.197 |   40.394  |    32.5   |  8.449   | 60.197 | 60.197 | 60.197 |
+-----------+--------+-----------+-----------+----------+--------+--------+--------+
Average idleness: 42.998
-----------
Variance idleness: 221.854
-----------
Total visits: 5
