+-----------+--------+-----------+-----------+----------+--------+--------+--------+
| Dest name |  true  | remaining | estimated | path_len |  mean  |  max   |  min   |
+-----------+--------+-----------+-----------+----------+--------+--------+--------+
| WayPoint1 | 60.157 |   24.957  |   31.45   |  8.178   | 60.157 | 60.157 | 60.157 |
| WayPoint2 |  34.6  |    32.0   |   31.53   |  8.198   | 30.078 |  34.6  | 25.557 |
|           | 25.557 |   25.557  |     0     |   0.0    |        |        |        |
| WayPoint3 | 15.604 |   13.004  |   11.98   |  3.116   | 30.078 | 44.553 | 15.604 |
|           | 44.553 |   1.957   |   55.27   |  14.369  |        |        |        |
| WayPoint4 | 60.157 |   57.557  |   64.22   |  16.698  | 60.157 | 60.157 | 60.157 |
| WayPoint5 | 60.157 |   43.957  |   34.24   |  8.903   | 60.157 | 60.157 | 60.157 |
| WayPoint6 | 57.201 |   54.001  |   19.95   |  5.187   | 30.079 | 57.201 | 2.956  |
|           | 2.956  |   2.956   |     0     |   0.0    |        |        |        |
| WayPoint7 | 60.157 |   57.557  |    86.3   |  22.439  | 60.157 | 60.157 | 60.157 |
+-----------+--------+-----------+-----------+----------+--------+--------+--------+
Average idleness: 47.266
-----------
Variance idleness: 221.566
-----------
Total visits: 4
