+-----------+--------+-----------+-----------+----------+--------+--------+--------+
| Dest name |  true  | remaining | estimated | path_len |  mean  |  max   |  min   |
+-----------+--------+-----------+-----------+----------+--------+--------+--------+
| WayPoint1 | 18.605 |   16.005  |    16.4   |  4.264   | 30.116 | 41.627 | 18.605 |
|           | 41.627 |   26.232  |   48.27   |  12.549  |        |        |        |
| WayPoint2 | 21.001 |   18.001  |   23.29   |  6.056   | 30.116 | 39.231 | 21.001 |
|           | 39.231 |   1.032   |   23.35   |  6.072   |        |        |        |
| WayPoint3 | 60.232 |   57.232  |    71.5   |  18.59   | 60.232 | 60.232 | 60.232 |
| WayPoint4 | 33.001 |   30.001  |   29.48   |  7.664   | 30.116 | 33.001 | 27.231 |
|           | 27.231 |   27.231  |     0     |   0.0    |        |        |        |
| WayPoint5 | 58.603 |   56.003  |   53.79   |  13.986  | 30.116 | 58.603 | 1.629  |
|           | 1.629  |   1.629   |     0     |   0.0    |        |        |        |
| WayPoint6 | 60.232 |   38.232  |   47.45   |  12.338  | 60.232 | 60.232 | 60.232 |
| WayPoint7 | 60.232 |   41.032  |    32.5   |  8.449   | 30.116 | 60.232 |  0.0   |
|           |  0.0   |    0.0    |     0     |   0.0    |        |        |        |
+-----------+--------+-----------+-----------+----------+--------+--------+--------+
Average idleness: 38.721
-----------
Variance idleness: 185.097
-----------
Total visits: 6
