+-----------+--------+-----------+-----------+----------+--------+--------+--------+
| Dest name |  true  | remaining | estimated | path_len |  mean  |  max   |  min   |
+-----------+--------+-----------+-----------+----------+--------+--------+--------+
| WayPoint1 | 18.601 |    16.0   |    16.4   |  4.264   | 20.058 | 38.199 | 3.374  |
|           | 38.199 |   33.999  |   31.48   |  8.184   |        |        |        |
|           | 3.374  |   3.374   |     0     |   0.0    |        |        |        |
| WayPoint2 | 21.804 |   19.004  |   23.31   |  6.062   | 30.087 | 38.37  | 21.804 |
|           | 38.37  |   2.374   |   33.23   |  8.639   |        |        |        |
| WayPoint3 | 60.174 |   57.374  |   71.44   |  18.575  | 60.174 | 60.174 | 60.174 |
| WayPoint4 | 60.174 |   41.174  |   48.25   |  12.546  | 60.174 | 60.174 | 60.174 |
| WayPoint5 | 60.174 |   57.573  |   53.79   |  13.986  | 60.174 | 60.174 | 60.174 |
| WayPoint6 | 60.174 |   60.174  |     0     |   0.0    | 60.174 | 60.174 | 60.174 |
| WayPoint7 | 60.175 |   57.375  |   63.64   |  16.548  | 60.175 | 60.175 | 60.175 |
+-----------+--------+-----------+-----------+----------+--------+--------+--------+
Average idleness: 50.145
-----------
Variance idleness: 258.639
-----------
Total visits: 4
