+-----------+--------+-----------+-----------+----------+--------+--------+--------+
| Dest name |  true  | remaining | estimated | path_len |  mean  |  max   |  min   |
+-----------+--------+-----------+-----------+----------+--------+--------+--------+
| WayPoint1 | 60.215 |   57.414  |   32.57   |  8.468   | 60.215 | 60.215 | 60.215 |
| WayPoint2 | 21.801 |    19.0   |   23.29   |  6.056   | 30.108 | 38.414 | 21.801 |
|           | 38.414 |   15.215  |   64.36   |  16.735  |        |        |        |
| WayPoint3 | 33.801 |   11.001  |   11.98   |  3.116   | 30.108 | 33.801 | 26.414 |
|           | 26.414 |   6.415   |    18.7   |  4.862   |        |        |        |
| WayPoint4 |  52.8  |   17.999  |   18.65   |  4.848   | 30.107 |  52.8  | 7.415  |
|           | 7.415  |   6.215   |   64.22   |  16.698  |        |        |        |
| WayPoint5 | 60.215 |   57.414  |   69.78   |  18.142  | 60.215 | 60.215 | 60.215 |
| WayPoint6 |  53.6  |    51.0   |   47.46   |  12.34   | 30.108 |  53.6  | 6.615  |
|           | 6.615  |   6.615   |     0     |   0.0    |        |        |        |
| WayPoint7 | 44.601 |   42.001  |   32.43   |  8.431   | 30.108 | 44.601 | 15.614 |
|           | 15.614 |   15.614  |     0     |   0.0    |        |        |        |
+-----------+--------+-----------+-----------+----------+--------+--------+--------+
Average idleness: 38.71
-----------
Variance idleness: 184.988
-----------
Total visits: 8
