+-----------+--------+-----------+-----------+----------+--------+--------+--------+
| Dest name |  true  | remaining | estimated | path_len |  mean  |  max   |  min   |
+-----------+--------+-----------+-----------+----------+--------+--------+--------+
| WayPoint1 | 60.193 |   57.593  |    32.6   |  8.475   | 60.193 | 60.193 | 60.193 |
| WayPoint2 |  58.2  |   25.994  |   28.68   |  7.458   | 30.097 |  58.2  | 1.993  |
|           | 1.993  |   1.993   |     0     |   0.0    |        |        |        |
| WayPoint3 |  32.6  |    30.0   |   34.39   |  8.942   | 30.096 |  32.6  | 27.593 |
|           | 27.593 |   0.993   |   11.99   |  3.117   |        |        |        |
| WayPoint4 |  31.2  |    28.0   |   29.48   |  7.664   | 30.097 |  31.2  | 28.994 |
|           | 28.994 |   26.994  |   18.67   |  4.853   |        |        |        |
| WayPoint5 |  58.6  |    56.0   |   53.79   |  13.986  | 30.097 |  58.6  | 1.594  |
|           | 1.594  |   1.594   |     0     |   0.0    |        |        |        |
| WayPoint6 | 60.194 |   0.994   |   69.91   |  18.177  | 60.194 | 60.194 | 60.194 |
| WayPoint7 | 60.194 |   57.594  |   19.79   |  5.146   | 60.194 | 60.194 | 60.194 |
+-----------+--------+-----------+-----------+----------+--------+--------+--------+
Average idleness: 42.995
-----------
Variance idleness: 221.835
-----------
Total visits: 6
