+-----------+--------+-----------+-----------+----------+--------+--------+--------+
| Dest name |  true  | remaining | estimated | path_len |  mean  |  max   |  min   |
+-----------+--------+-----------+-----------+----------+--------+--------+--------+
| WayPoint1 | 60.228 |   42.428  |   39.24   |  10.202  | 60.228 | 60.228 | 60.228 |
| WayPoint2 |  44.8  |    42.6   |   31.53   |  8.198   | 30.114 |  44.8  | 15.429 |
|           | 15.429 |   15.429  |     0     |   0.0    |        |        |        |
| WayPoint3 |  16.8  |    14.0   |   11.98   |  3.116   | 30.114 | 43.429 |  16.8  |
|           | 43.429 |   12.429  |   55.27   |  14.369  |        |        |        |
| WayPoint4 | 60.229 |   14.429  |   29.48   |  7.665   | 60.229 | 60.229 | 60.229 |
| WayPoint5 | 60.229 |   57.429  |   69.78   |  18.142  | 60.229 | 60.229 | 60.229 |
| WayPoint6 | 46.802 |   44.002  |   19.87   |  5.167   | 30.114 | 46.802 | 13.427 |
|           | 13.427 |   13.427  |     0     |   0.0    |        |        |        |
| WayPoint7 | 60.229 |   60.229  |     0     |   0.0    | 60.229 | 60.229 | 60.229 |
+-----------+--------+-----------+-----------+----------+--------+--------+--------+
Average idleness: 47.322
-----------
Variance idleness: 222.098
-----------
Total visits: 4
