+-----------+--------+-----------+-----------+----------+--------+--------+--------+
| Dest name |  true  | remaining | estimated | path_len |  mean  |  max   |  min   |
+-----------+--------+-----------+-----------+----------+--------+--------+--------+
| WayPoint1 |  29.8  |    27.0   |    16.4   |  4.264   | 30.127 | 30.453 |  29.8  |
|           | 30.453 |   30.453  |     0     |   0.0    |        |        |        |
| WayPoint2 | 60.254 |   26.051  |    52.7   |  13.703  | 60.254 | 60.254 | 60.254 |
| WayPoint3 |  15.6  |   12.998  |   11.98   |  3.116   | 30.127 | 44.654 |  15.6  |
|           | 44.654 |   44.654  |     0     |   0.0    |        |        |        |
| WayPoint4 | 60.254 |   57.652  |   80.43   |  20.913  | 60.254 | 60.254 | 60.254 |
| WayPoint5 | 60.254 |   44.054  |   34.24   |  8.903   | 60.254 | 60.254 | 60.254 |
| WayPoint6 |  33.6  |   30.998  |   16.38   |  4.258   | 30.127 |  33.6  | 26.654 |
|           | 26.654 |   26.654  |     0     |   0.0    |        |        |        |
| WayPoint7 | 60.254 |   29.454  |   32.52   |  8.454   | 60.254 | 60.254 | 60.254 |
+-----------+--------+-----------+-----------+----------+--------+--------+--------+
Average idleness: 47.342
-----------
Variance idleness: 222.278
-----------
Total visits: 3
