+-----------+--------+-----------+-----------+----------+--------+--------+--------+
| Dest name |  true  | remaining | estimated | path_len |  mean  |  max   |  min   |
+-----------+--------+-----------+-----------+----------+--------+--------+--------+
| WayPoint1 |  29.8  |    27.0   |    16.4   |  4.264   | 30.106 | 30.412 |  29.8  |
|           | 30.412 |   12.412  |   39.24   |  10.202  |        |        |        |
| WayPoint2 | 60.212 |   57.412  |   63.72   |  16.566  | 60.212 | 60.212 | 60.212 |
| WayPoint3 |  46.8  |    44.0   |   39.27   |  10.211  | 30.106 |  46.8  | 13.412 |
|           | 13.412 |   11.412  |   56.03   |  14.569  |        |        |        |
| WayPoint4 |  27.8  |    25.0   |   29.48   |  7.664   | 30.106 | 32.412 |  27.8  |
|           | 32.412 |   32.412  |     0     |   0.0    |        |        |        |
| WayPoint5 | 60.212 |   31.412  |   51.84   |  13.478  | 60.212 | 60.212 | 60.212 |
| WayPoint6 |  47.8  |    17.0   |   16.38   |  4.258   | 30.106 |  47.8  | 12.412 |
|           | 12.412 |   12.412  |     0     |   0.0    |        |        |        |
| WayPoint7 | 60.212 |   60.212  |     0     |   0.0    | 60.212 | 60.212 | 60.212 |
+-----------+--------+-----------+-----------+----------+--------+--------+--------+
Average idleness: 43.009
-----------
Variance idleness: 221.968
-----------
Total visits: 6
