+-----------+--------+-----------+-----------+----------+--------+--------+--------+
| Dest name |  true  | remaining | estimated | path_len |  mean  |  max   |  min   |
+-----------+--------+-----------+-----------+----------+--------+--------+--------+
| WayPoint1 |  18.6  |    16.0   |    16.4   |  4.264   | 30.099 | 41.598 |  18.6  |
|           | 41.598 |   41.598  |     0     |   0.0    |        |        |        |
| WayPoint2 | 60.199 |   21.599  |   47.84   |  12.437  | 60.199 | 60.199 | 60.199 |
| WayPoint3 | 60.199 |   57.599  |    71.5   |  18.589  | 60.199 | 60.199 | 60.199 |
| WayPoint4 | 60.199 |   57.599  |   48.25   |  12.546  | 60.199 | 60.199 | 60.199 |
| WayPoint5 |  29.6  |    27.0   |   23.26   |  6.047   | 30.099 | 30.599 |  29.6  |
|           | 30.599 |   30.599  |     0     |   0.0    |        |        |        |
| WayPoint6 | 37.601 |    18.0   |   16.52   |  4.295   | 30.099 | 37.601 | 22.598 |
|           | 22.598 |   22.598  |     0     |   0.0    |        |        |        |
| WayPoint7 | 60.199 |   29.599  |   85.95   |  22.347  | 60.199 | 60.199 | 60.199 |
+-----------+--------+-----------+-----------+----------+--------+--------+--------+
Average idleness: 47.299
-----------
Variance idleness: 221.88
-----------
Total visits: 3
