+-----------+--------+-----------+-----------+----------+--------+--------+--------+
| Dest name |  true  | remaining | estimated | path_len |  mean  |  max   |  min   |
+-----------+--------+-----------+-----------+----------+--------+--------+--------+
| WayPoint1 |  17.6  |    15.0   |    16.4   |  4.264   | 30.092 | 42.584 |  17.6  |
|           | 42.584 |   30.584  |   48.27   |  12.55   |        |        |        |
| WayPoint2 |  34.6  |    32.0   |   31.53   |  8.198   | 30.092 |  34.6  | 25.584 |
|           | 25.584 |   3.583   |   12.02   |  3.125   |        |        |        |
| WayPoint3 |  55.6  |    20.0   |   11.98   |  3.116   | 30.092 |  55.6  | 4.584  |
|           | 4.584  |   4.584   |     0     |   0.0    |        |        |        |
| WayPoint4 |  28.6  |    26.0   |   29.48   |  7.664   | 30.092 | 31.584 |  28.6  |
|           | 31.584 |   31.584  |     0     |   0.0    |        |        |        |
| WayPoint5 | 60.184 |   57.384  |   85.96   |  22.35   | 60.184 | 60.184 | 60.184 |
| WayPoint6 | 60.184 |   1.584   |   20.93   |  5.441   | 60.184 | 60.184 | 60.184 |
| WayPoint7 |  57.6  |    39.0   |   32.43   |  8.431   | 30.093 |  57.6  | 2.585  |
|           | 2.585  |   2.585   |     0     |   0.0    |        |        |        |
+-----------+--------+-----------+-----------+----------+--------+--------+--------+
Average idleness: 38.69
-----------
Variance idleness: 184.799
-----------
Total visits: 7
