+------------+--------+-----------+-----------+--------+--------+--------+
| Dest name  |  true  | remaining | estimated |  mean  |  max   |  min   |
+------------+--------+-----------+-----------+--------+--------+--------+
| WayPoint1  | 60.313 |   14.713  |   26.95   | 60.313 | 60.313 | 60.313 |
| WayPoint10 | 58.009 |   54.007  |   45.98   | 30.157 | 58.009 | 2.304  |
|            | 2.304  |   2.304   |     0     |        |        |        |
| WayPoint2  | 60.313 |   56.113  |   47.55   | 60.313 | 60.313 | 60.313 |
| WayPoint3  | 60.313 |   26.313  |   37.33   | 60.313 | 60.313 | 60.313 |
| WayPoint4  | 60.313 |   49.112  |   22.93   | 60.313 | 60.313 | 60.313 |
| WayPoint5  | 60.313 |   56.311  |   47.74   | 60.313 | 60.313 | 60.313 |
| WayPoint6  | 33.601 |    31.0   |   26.29   | 30.157 | 33.601 | 26.712 |
|            | 26.712 |   1.712   |   30.43   |        |        |        |
| WayPoint7  |  10.2  |    6.0    |   10.54   | 30.157 | 50.113 |  10.2  |
|            | 50.113 |   50.113  |     0     |        |        |        |
| WayPoint8  | 45.001 |   40.999  |    26.0   | 30.157 | 45.001 | 15.313 |
|            | 15.313 |   15.313  |     0     |        |        |        |
| WayPoint9  | 60.314 |   56.914  |   41.85   | 60.314 | 60.314 | 60.314 |
+------------+--------+-----------+-----------+--------+--------+--------+
Average idleness: 48.251
-----------
Variance idleness: 218.255
-----------
Total visits: 5
