+------------+--------+-----------+-----------+--------+--------+--------+
| Dest name  |  true  | remaining | estimated |  mean  |  max   |  min   |
+------------+--------+-----------+-----------+--------+--------+--------+
| WayPoint1  | 19.007 |   15.006  |    16.0   | 30.131 | 41.255 | 19.007 |
|            | 41.255 |   11.862  |   12.64   |        |        |        |
| WayPoint10 | 60.262 |   56.261  |   40.73   | 60.262 | 60.262 | 60.262 |
| WayPoint2  |  35.0  |    15.0   |    16.0   | 30.131 |  35.0  | 25.262 |
|            | 25.262 |   25.262  |     0     |        |        |        |
| WayPoint3  |  47.8  |    44.4   |   12.63   | 30.131 |  47.8  | 12.462 |
|            | 12.462 |   12.462  |     0     |        |        |        |
| WayPoint4  | 60.262 |   56.062  |   32.47   | 60.262 | 60.262 | 60.262 |
| WayPoint5  | 60.262 |   56.261  |   48.11   | 60.262 | 60.262 | 60.262 |
| WayPoint6  | 60.262 |   24.26   |   38.78   | 60.262 | 60.262 | 60.262 |
| WayPoint7  | 60.262 |   60.262  |     0     | 60.262 | 60.262 | 60.262 |
| WayPoint8  | 60.262 |   56.261  |   28.72   | 60.262 | 60.262 | 60.262 |
| WayPoint9  | 60.262 |   56.462  |   38.52   | 60.262 | 60.262 | 60.262 |
+------------+--------+-----------+-----------+--------+--------+--------+
Average idleness: 51.223
-----------
Variance idleness: 190.654
-----------
Total visits: 4
