+------------+--------+-----------+-----------+--------+--------+--------+
| Dest name  |  true  | remaining | estimated |  mean  |  max   |  min   |
+------------+--------+-----------+-----------+--------+--------+--------+
| WayPoint1  | 60.205 |   57.605  |   33.53   | 60.205 | 60.205 | 60.205 |
| WayPoint10 | 40.801 |    38.0   |   30.49   | 30.102 | 40.801 | 19.404 |
|            | 19.404 |   19.404  |     0     |        |        |        |
| WayPoint2  | 60.205 |   4.196   |   51.43   | 60.205 | 60.205 | 60.205 |
| WayPoint3  | 60.205 |   57.205  |   28.32   | 60.205 | 60.205 | 60.205 |
| WayPoint4  | 60.205 |   57.801  |   20.67   | 60.205 | 60.205 | 60.205 |
| WayPoint5  | 55.002 |   52.002  |   51.44   | 30.103 | 55.002 | 5.203  |
|            | 5.203  |   5.203   |     0     |        |        |        |
| WayPoint6  | 60.205 |   19.005  |   31.42   | 60.205 | 60.205 | 60.205 |
| WayPoint7  |  14.8  |   11.999  |   11.39   | 30.102 | 45.405 |  14.8  |
|            | 45.405 |   45.405  |     0     |        |        |        |
| WayPoint8  | 60.205 |   57.404  |    28.8   | 60.205 | 60.205 | 60.205 |
| WayPoint9  | 60.205 |   44.805  |   19.62   | 60.205 | 60.205 | 60.205 |
+------------+--------+-----------+-----------+--------+--------+--------+
Average idleness: 51.174
-----------
Variance idleness: 190.296
-----------
Total visits: 3
