+------------+--------+-----------+-----------+--------+--------+--------+
| Dest name  |  true  | remaining | estimated |  mean  |  max   |  min   |
+------------+--------+-----------+-----------+--------+--------+--------+
| WayPoint1  | 60.191 |   15.791  |   34.91   | 60.191 | 60.191 | 60.191 |
| WayPoint10 | 56.001 |   52.001  |   45.98   | 30.096 | 56.001 | 4.191  |
|            | 4.191  |   4.191   |     0     |        |        |        |
| WayPoint2  | 50.001 |   46.001  |   36.28   | 30.096 | 50.001 | 10.191 |
|            | 10.191 |   7.192   |    36.3   |        |        |        |
| WayPoint3  |  40.4  |   37.998  |   12.63   | 20.064 |  40.4  | 1.601  |
|            | 1.601  |   1.001   |    0.0    |        |        |        |
|            | 18.191 |   3.192   |   45.29   |        |        |        |
| WayPoint4  |  52.0  |    48.0   |   32.83   | 30.096 |  52.0  | 8.192  |
|            | 8.192  |   8.192   |     0     |        |        |        |
| WayPoint5  | 60.192 |   23.191  |    47.8   | 60.192 | 60.192 | 60.192 |
| WayPoint6  | 60.192 |   17.192  |    0.0    | 60.192 | 60.192 | 60.192 |
| WayPoint7  | 60.192 |   57.79   |   19.44   | 60.192 | 60.192 | 60.192 |
| WayPoint8  |  36.0  |    32.0   |    26.0   | 30.096 |  36.0  | 24.192 |
|            | 24.192 |   9.192   |   38.07   |        |        |        |
| WayPoint9  | 43.806 |   40.006  |   28.54   | 30.096 | 43.806 | 16.386 |
|            | 16.386 |   16.386  |     0     |        |        |        |
+------------+--------+-----------+-----------+--------+--------+--------+
Average idleness: 41.131
-----------
Variance idleness: 250.592
-----------
Total visits: 10
