+------------+--------+-----------+-----------+--------+--------+--------+
| Dest name  |  true  | remaining | estimated |  mean  |  max   |  min   |
+------------+--------+-----------+-----------+--------+--------+--------+
| WayPoint1  | 60.265 |   4.264   |   33.53   | 60.265 | 60.265 | 60.265 |
| WayPoint10 |  55.6  |   52.998  |   26.01   | 30.133 |  55.6  | 4.665  |
|            | 4.665  |   4.665   |     0     |        |        |        |
| WayPoint2  |  40.8  |    38.0   |   36.28   | 30.133 |  40.8  | 19.465 |
|            | 19.465 |   19.465  |     0     |        |        |        |
| WayPoint3  | 60.265 |   16.265  |   43.55   | 60.265 | 60.265 | 60.265 |
| WayPoint4  | 60.265 |   56.064  |   32.85   | 60.265 | 60.265 | 60.265 |
| WayPoint5  | 43.601 |   40.999  |   35.95   | 30.133 | 43.601 | 16.664 |
|            | 16.664 |   16.664  |     0     |        |        |        |
| WayPoint6  | 60.265 |   19.064  |    38.6   | 60.265 | 60.265 | 60.265 |
| WayPoint7  | 60.265 |   57.663  |   19.44   | 60.265 | 60.265 | 60.265 |
| WayPoint8  | 60.265 |   57.663  |    26.0   | 60.265 | 60.265 | 60.265 |
| WayPoint9  | 60.265 |   55.865  |   47.37   | 60.265 | 60.265 | 60.265 |
+------------+--------+-----------+-----------+--------+--------+--------+
Average idleness: 51.225
-----------
Variance idleness: 190.667
-----------
Total visits: 3
