+------------+--------+-----------+-----------+--------+--------+--------+
| Dest name  |  true  | remaining | estimated |  mean  |  max   |  min   |
+------------+--------+-----------+-----------+--------+--------+--------+
| WayPoint1  |  51.2  |    15.0   |   16.62   | 30.138 |  51.2  | 9.075  |
|            | 9.075  |   2.075   |   35.65   |        |        |        |
| WayPoint10 |  57.6  |   54.999  |   33.64   | 30.137 |  57.6  | 2.675  |
|            | 2.675  |   2.675   |     0     |        |        |        |
| WayPoint2  | 60.275 |   37.875  |   37.85   | 60.275 | 60.275 | 60.275 |
| WayPoint3  | 51.601 |    49.0   |   28.32   | 30.137 | 51.601 | 8.674  |
|            | 8.674  |   8.674   |     0     |        |        |        |
| WayPoint4  | 60.275 |   57.475  |   41.91   | 60.275 | 60.275 | 60.275 |
| WayPoint5  | 60.275 |   57.674  |   55.75   | 60.275 | 60.275 | 60.275 |
| WayPoint6  | 60.275 |   13.874  |   18.04   | 60.275 | 60.275 | 60.275 |
| WayPoint7  |  35.8  |    33.0   |   28.55   | 30.139 |  35.8  | 24.478 |
|            | 24.478 |   8.077   |   27.52   |        |        |        |
| WayPoint8  | 21.401 |    18.0   |   20.53   | 30.139 | 38.877 | 21.401 |
|            | 38.877 |   8.077   |   26.54   |        |        |        |
| WayPoint9  | 45.401 |    42.0   |   28.54   | 30.139 | 45.401 | 14.877 |
|            | 14.877 |   14.877  |     0     |        |        |        |
+------------+--------+-----------+-----------+--------+--------+--------+
Average idleness: 42.193
-----------
Variance idleness: 217.975
-----------
Total visits: 9
