+------------+--------+-----------+-----------+-------+--------+--------+
| Dest name  |  true  | remaining | estimated |  mean |  max   |  min   |
+------------+--------+-----------+-----------+-------+--------+--------+
| WayPoint1  | 60.26  |   56.46   |   25.57   | 60.26 | 60.26  | 60.26  |
| WayPoint10 | 33.002 |   29.001  |   30.49   | 30.13 | 33.002 | 27.258 |
|            | 27.258 |   27.258  |     0     |       |        |        |
| WayPoint2  | 60.26  |   60.26   |     0     | 60.26 | 60.26  | 60.26  |
| WayPoint3  | 60.26  |   60.26   |     0     | 60.26 | 60.26  | 60.26  |
| WayPoint4  | 60.26  |   26.259  |   40.66   | 60.26 | 60.26  | 60.26  |
| WayPoint5  | 60.26  |   56.06   |   55.75   | 60.26 | 60.26  | 60.26  |
| WayPoint6  | 48.204 |   44.004  |   33.08   | 30.13 | 48.204 | 12.056 |
|            | 12.056 |   12.056  |     0     |       |        |        |
| WayPoint7  | 60.26  |   57.46   |   19.44   | 60.26 | 60.26  | 60.26  |
| WayPoint8  | 60.26  |   11.058  |   20.54   | 60.26 | 60.26  | 60.26  |
| WayPoint9  | 60.26  |   56.259  |   35.02   | 60.26 | 60.26  | 60.26  |
+------------+--------+-----------+-----------+-------+--------+--------+
Average idleness: 54.234
-----------
Variance idleness: 145.251
-----------
Total visits: 2
