+------------+--------+-----------+-----------+--------+--------+--------+
| Dest name  |  true  | remaining | estimated |  mean  |  max   |  min   |
+------------+--------+-----------+-----------+--------+--------+--------+
| WayPoint1  |  48.8  |    45.0   |   33.53   | 30.165 |  48.8  | 11.531 |
|            | 11.531 |   11.531  |     0     |        |        |        |
| WayPoint10 | 60.331 |   56.531  |   40.73   | 60.331 | 60.331 | 60.331 |
| WayPoint2  | 60.331 |   56.331  |   38.44   | 60.331 | 60.331 | 60.331 |
| WayPoint3  | 60.331 |   19.931  |   28.32   | 60.331 | 60.331 | 60.331 |
| WayPoint4  | 60.331 |   56.931  |   32.47   | 60.331 | 60.331 | 60.331 |
| WayPoint5  | 60.331 |   56.331  |   57.29   | 60.331 | 60.331 | 60.331 |
| WayPoint6  | 60.331 |   60.331  |     0     | 60.331 | 60.331 | 60.331 |
| WayPoint7  | 39.802 |   36.002  |   16.19   | 30.166 | 39.802 | 20.529 |
|            | 20.529 |   20.529  |     0     |        |        |        |
| WayPoint8  | 60.331 |   60.331  |     0     | 60.331 | 60.331 | 60.331 |
| WayPoint9  | 60.331 |   10.931  |   38.04   | 60.331 | 60.331 | 60.331 |
+------------+--------+-----------+-----------+--------+--------+--------+
Average idleness: 54.298
-----------
Variance idleness: 145.593
-----------
Total visits: 2
