+------------+--------+-----------+-----------+--------+--------+--------+
| Dest name  |  true  | remaining | estimated |  mean  |  max   |  min   |
+------------+--------+-----------+-----------+--------+--------+--------+
| WayPoint1  |  31.0  |   27.999  |   25.55   | 30.166 |  31.0  | 29.332 |
|            | 29.332 |   21.131  |   16.02   |        |        |        |
| WayPoint10 | 60.332 |   28.331  |   30.49   | 60.332 | 60.332 | 60.332 |
| WayPoint2  |  38.6  |   35.995  |   36.28   | 30.166 |  38.6  | 21.732 |
|            | 21.732 |   21.732  |     0     |        |        |        |
| WayPoint3  | 60.332 |   60.332  |     0     | 60.332 | 60.332 | 60.332 |
| WayPoint4  | 60.332 |   57.331  |   32.86   | 60.332 | 60.332 | 60.332 |
| WayPoint5  | 41.802 |    39.0   |   35.95   | 30.166 | 41.802 | 18.53  |
|            | 18.53  |   18.53   |     0     |        |        |        |
| WayPoint6  |  31.0  |   27.999  |   30.54   | 30.166 |  31.0  | 29.332 |
|            | 29.332 |   29.332  |     0     |        |        |        |
| WayPoint7  | 60.332 |   57.331  |   19.44   | 60.332 | 60.332 | 60.332 |
| WayPoint8  | 60.332 |   28.331  |   26.87   | 60.332 | 60.332 | 60.332 |
| WayPoint9  | 60.332 |   18.131  |   57.21   | 60.332 | 60.332 | 60.332 |
+------------+--------+-----------+-----------+--------+--------+--------+
Average idleness: 48.266
-----------
Variance idleness: 218.397
-----------
Total visits: 5
