+------------+--------+-----------+-----------+--------+--------+--------+
| Dest name  |  true  | remaining | estimated |  mean  |  max   |  min   |
+------------+--------+-----------+-----------+--------+--------+--------+
| WayPoint1  | 21.001 |   18.001  |   20.84   | 30.148 | 39.295 | 21.001 |
|            | 39.295 |   39.295  |     0     |        |        |        |
| WayPoint10 | 60.296 |   38.296  |   33.64   | 60.296 | 60.296 | 60.296 |
| WayPoint2  | 60.296 |   24.09   |   40.73   | 60.296 | 60.296 | 60.296 |
| WayPoint3  | 60.296 |   57.696  |   46.59   | 60.296 | 60.296 | 60.296 |
| WayPoint4  | 60.296 |   57.494  |   32.47   | 60.296 | 60.296 | 60.296 |
| WayPoint5  | 60.296 |   16.296  |    49.2   | 60.296 | 60.296 | 60.296 |
| WayPoint6  | 35.405 |   27.005  |   10.54   | 30.148 | 35.405 | 24.891 |
|            | 24.891 |   24.891  |     0     |        |        |        |
| WayPoint7  |  7.8   |   4.998   |   10.54   | 30.148 | 52.496 |  7.8   |
|            | 52.496 |   52.496  |     0     |        |        |        |
| WayPoint8  |  43.0  |    40.0   |   25.65   | 30.148 |  43.0  | 17.296 |
|            | 17.296 |   17.296  |     0     |        |        |        |
| WayPoint9  | 60.296 |   57.296  |   38.52   | 60.296 | 60.296 | 60.296 |
+------------+--------+-----------+-----------+--------+--------+--------+
Average idleness: 48.237
-----------
Variance idleness: 218.136
-----------
Total visits: 4
