+------------+--------+-----------+-----------+--------+--------+--------+
| Dest name  |  true  | remaining | estimated |  mean  |  max   |  min   |
+------------+--------+-----------+-----------+--------+--------+--------+
| WayPoint1  | 60.001 |   32.999  |   27.58   | 30.118 | 60.001 | 0.235  |
|            | 0.235  |   0.235   |     0     |        |        |        |
| WayPoint10 | 60.238 |   56.638  |   40.73   | 60.238 | 60.238 | 60.238 |
| WayPoint2  | 60.238 |   56.038  |    38.4   | 60.238 | 60.238 | 60.238 |
| WayPoint3  | 30.201 |   26.001  |   23.48   | 30.119 | 30.201 | 30.037 |
|            | 30.037 |   12.238  |   36.58   |        |        |        |
| WayPoint4  | 60.238 |   37.037  |   22.96   | 60.238 | 60.238 | 60.238 |
| WayPoint5  | 60.238 |   56.837  |   55.75   | 60.238 | 60.238 | 60.238 |
| WayPoint6  | 26.601 |   23.001  |   20.48   | 30.119 | 33.637 | 26.601 |
|            | 33.637 |   29.038  |   37.67   |        |        |        |
| WayPoint7  |  22.2  |    18.0   |   16.19   | 30.119 | 38.038 |  22.2  |
|            | 38.038 |   38.038  |     0     |        |        |        |
| WayPoint8  |  47.0  |    43.4   |   28.72   | 30.119 |  47.0  | 13.238 |
|            | 13.238 |   13.238  |     0     |        |        |        |
| WayPoint9  | 60.238 |   56.235  |   57.05   | 60.238 | 60.238 | 60.238 |
+------------+--------+-----------+-----------+--------+--------+--------+
Average idleness: 45.178
-----------
Variance idleness: 226.792
-----------
Total visits: 7
