+------------+--------+-----------+-----------+--------+--------+--------+
| Dest name  |  true  | remaining | estimated |  mean  |  max   |  min   |
+------------+--------+-----------+-----------+--------+--------+--------+
| WayPoint1  | 65.562 |   37.56   |   25.92   | 65.562 | 65.562 | 65.562 |
| WayPoint10 | 65.562 |   61.56   |   55.86   | 65.562 | 65.562 | 65.562 |
| WayPoint2  |  23.2  |   18.999  |    16.0   | 32.781 | 42.362 |  23.2  |
|            | 42.362 |   13.36   |   37.82   |        |        |        |
| WayPoint3  |  51.8  |   48.999  |   44.94   | 32.781 |  51.8  | 13.762 |
|            | 13.762 |   13.762  |     0     |        |        |        |
| WayPoint4  | 65.562 |   41.362  |   36.79   | 65.562 | 65.562 | 65.562 |
| WayPoint5  | 65.562 |   61.56   |   51.44   | 65.562 | 65.562 | 65.562 |
| WayPoint6  |  27.0  |   22.998  |   20.48   | 32.781 | 38.562 |  27.0  |
|            | 38.562 |   13.36   |   37.62   |        |        |        |
| WayPoint7  | 65.562 |   62.162  |   19.44   | 32.781 | 65.562 |  0.0   |
|            |  0.0   |    0.0    |     0     |        |        |        |
| WayPoint8  |  51.2  |   46.999  |   20.53   | 32.781 |  51.2  | 14.362 |
|            | 14.362 |   14.362  |     0     |        |        |        |
| WayPoint9  | 65.562 |   61.962  |   41.85   | 32.781 | 65.562 |  0.0   |
|            |  0.0   |    0.0    |     0     |        |        |        |
+------------+--------+-----------+-----------+--------+--------+--------+
Average idleness: 45.893
-----------
Variance idleness: 257.903
-----------
Total visits: 8
