+------------+--------+-----------+-----------+--------+--------+--------+
| Dest name  |  true  | remaining | estimated |  mean  |  max   |  min   |
+------------+--------+-----------+-----------+--------+--------+--------+
| WayPoint1  | 39.001 |    35.0   |   20.84   | 30.087 | 39.001 | 21.172 |
|            | 21.172 |   18.173  |   22.55   |        |        |        |
| WayPoint10 | 30.001 |    26.0   |   30.49   | 30.087 | 30.172 | 30.001 |
|            | 30.172 |   30.172  |     0     |        |        |        |
| WayPoint2  | 60.173 |   56.172  |   37.82   | 60.173 | 60.173 | 60.173 |
| WayPoint3  |  60.0  |   55.999  |   43.45   | 30.087 |  60.0  | 0.173  |
|            | 0.173  |   0.173   |     0     |        |        |        |
| WayPoint4  | 41.001 |    37.0   |   36.08   | 30.087 | 41.001 | 19.172 |
|            | 19.172 |   19.172  |   28.26   |        |        |        |
| WayPoint5  | 60.173 |   56.373  |   57.29   | 60.173 | 60.173 | 60.173 |
| WayPoint6  | 60.173 |   56.373  |   26.29   | 60.173 | 60.173 | 60.173 |
| WayPoint7  | 60.173 |   56.973  |   20.54   | 60.173 | 60.173 | 60.173 |
| WayPoint8  | 60.173 |   29.77   |   26.58   | 60.173 | 60.173 | 60.173 |
| WayPoint9  | 60.173 |   20.773  |   35.53   | 60.173 | 60.173 | 60.173 |
+------------+--------+-----------+-----------+--------+--------+--------+
Average idleness: 48.139
-----------
Variance idleness: 217.24
-----------
Total visits: 6
