+------------+--------+-----------+-----------+--------+--------+--------+
| Dest name  |  true  | remaining | estimated |  mean  |  max   |  min   |
+------------+--------+-----------+-----------+--------+--------+--------+
| WayPoint1  | 40.001 |    36.0   |   36.02   | 30.146 | 40.001 | 20.291 |
|            | 20.291 |   12.892  |   34.96   |        |        |        |
| WayPoint10 | 60.292 |   19.692  |   37.03   | 60.292 | 60.292 | 60.292 |
| WayPoint2  | 60.292 |   56.492  |   38.44   | 60.292 | 60.292 | 60.292 |
| WayPoint3  | 60.292 |   56.492  |   46.48   | 60.292 | 60.292 | 60.292 |
| WayPoint4  | 60.292 |   56.291  |   40.48   | 60.292 | 60.292 | 60.292 |
| WayPoint5  |  44.2  |   39.992  |   35.95   | 30.146 |  44.2  | 16.092 |
|            | 16.092 |   16.092  |     0     |        |        |        |
| WayPoint6  | 60.292 |   56.291  |   33.08   | 60.292 | 60.292 | 60.292 |
| WayPoint7  | 37.203 |   32.995  |   28.55   | 30.146 | 37.203 | 23.089 |
|            | 23.089 |   15.088  |   38.28   |        |        |        |
| WayPoint8  | 60.292 |   22.092  |   11.41   | 60.292 | 60.292 | 60.292 |
| WayPoint9  |  47.0  |   42.999  |   28.54   | 30.146 |  47.0  | 13.292 |
|            | 13.292 |   13.292  |     0     |        |        |        |
+------------+--------+-----------+-----------+--------+--------+--------+
Average idleness: 48.234
-----------
Variance idleness: 218.108
-----------
Total visits: 6
