+------------+--------+-----------+-----------+--------+--------+--------+
| Dest name  |  true  | remaining | estimated |  mean  |  max   |  min   |
+------------+--------+-----------+-----------+--------+--------+--------+
| WayPoint1  | 60.264 |   56.264  |   20.84   | 60.264 | 60.264 | 60.264 |
| WayPoint10 |  37.6  |    22.0   |   21.17   | 30.132 |  37.6  | 22.664 |
|            | 22.664 |   22.664  |     0     |        |        |        |
| WayPoint2  | 60.264 |   56.264  |   47.55   | 60.264 | 60.264 | 60.264 |
| WayPoint3  | 60.264 |   21.664  |   44.41   | 60.264 | 60.264 | 60.264 |
| WayPoint4  |  40.0  |    36.0   |   36.08   | 30.132 |  40.0  | 20.264 |
|            | 20.264 |   17.663  |    33.0   |        |        |        |
| WayPoint5  | 44.007 |   40.007  |   35.95   | 30.132 | 44.007 | 16.257 |
|            | 16.257 |   16.257  |     0     |        |        |        |
| WayPoint6  | 60.264 |   56.464  |    48.3   | 60.264 | 60.264 | 60.264 |
| WayPoint7  |  15.0  |    11.0   |   11.39   | 30.132 | 45.264 |  15.0  |
|            | 45.264 |   19.664  |    23.0   |        |        |        |
| WayPoint8  |  42.0  |    38.0   |   20.54   | 30.132 |  42.0  | 18.264 |
|            | 18.264 |   15.664  |   47.97   |        |        |        |
| WayPoint9  | 60.264 |   57.664  |   38.52   | 60.264 | 60.264 | 60.264 |
+------------+--------+-----------+-----------+--------+--------+--------+
Average idleness: 45.198
-----------
Variance idleness: 226.984
-----------
Total visits: 8
