+------------+--------+-----------+-----------+--------+--------+--------+
| Dest name  |  true  | remaining | estimated |  mean  |  max   |  min   |
+------------+--------+-----------+-----------+--------+--------+--------+
| WayPoint1  |  21.6  |    19.0   |   20.84   | 30.142 | 38.684 |  21.6  |
|            | 38.684 |   29.284  |   12.68   |        |        |        |
| WayPoint10 | 59.001 |   32.001  |   30.94   | 30.142 | 59.001 | 1.283  |
|            | 1.283  |   1.283   |     0     |        |        |        |
| WayPoint2  | 60.284 |   57.483  |   38.44   | 60.284 | 60.284 | 60.284 |
| WayPoint3  | 30.003 |   27.003  |   23.48   | 30.142 | 30.281 | 30.003 |
|            | 30.281 |   0.284   |   45.78   |        |        |        |
| WayPoint4  | 60.284 |   57.684  |   41.91   | 60.284 | 60.284 | 60.284 |
| WayPoint5  | 60.284 |   57.483  |   55.75   | 60.284 | 60.284 | 60.284 |
| WayPoint6  |  26.0  |    23.0   |   20.48   | 30.142 | 34.284 |  26.0  |
|            | 34.284 |   25.884  |   20.45   |        |        |        |
| WayPoint7  | 60.284 |   57.284  |   38.22   | 60.284 | 60.284 | 60.284 |
| WayPoint8  |  33.8  |   30.999  |   25.65   | 30.142 |  33.8  | 26.484 |
|            | 26.484 |   26.484  |     0     |        |        |        |
| WayPoint9  | 60.284 |   38.083  |    35.2   | 60.284 | 60.284 | 60.284 |
+------------+--------+-----------+-----------+--------+--------+--------+
Average idleness: 45.213
-----------
Variance idleness: 227.135
-----------
Total visits: 8
