+-----------+--------+-----------+-----------+----------+--------+--------+--------+
| Dest name |  true  | remaining | estimated | path_len |  mean  |  max   |  min   |
+-----------+--------+-----------+-----------+----------+--------+--------+--------+
| WayPoint1 | 60.188 |   56.988  |   48.27   |  12.55   | 60.188 | 60.188 | 60.188 |
| WayPoint2 |  37.2  |   21.199  |   11.98   |  3.116   | 30.094 |  37.2  | 22.988 |
|           | 22.988 |   11.988  |   47.55   |  12.364  |        |        |        |
| WayPoint3 |  15.6  |   12.993  |   11.98   |  3.116   | 30.095 | 44.589 |  15.6  |
|           | 44.589 |   26.189  |   72.22   |  18.777  |        |        |        |
| WayPoint4 |  48.6  |   45.993  |   51.89   |  13.492  | 30.095 |  48.6  | 11.589 |
|           | 11.589 |   11.589  |     0     |   0.0    |        |        |        |
| WayPoint5 | 60.189 |   57.582  |   53.79   |  13.986  | 60.189 | 60.189 | 60.189 |
| WayPoint6 | 47.601 |   44.994  |    19.9   |  5.173   | 30.095 | 47.601 | 12.588 |
|           | 12.588 |   10.989  |   64.22   |  16.696  |        |        |        |
| WayPoint7 |  33.2  |    30.0   |   19.79   |  5.146   | 30.095 |  33.2  | 26.989 |
|           | 26.989 |   21.988  |   63.46   |   16.5   |        |        |        |
+-----------+--------+-----------+-----------+----------+--------+--------+--------+
Average idleness: 38.693
-----------
Variance idleness: 184.823
-----------
Total visits: 9
