+-----------+--------+-----------+-----------+----------+--------+--------+--------+
| Dest name |  true  | remaining | estimated | path_len |  mean  |  max   |  min   |
+-----------+--------+-----------+-----------+----------+--------+--------+--------+
| WayPoint1 | 60.191 |   57.391  |   32.57   |  8.468   | 60.191 | 60.191 | 60.191 |
| WayPoint2 |  33.2  |    30.0   |   29.47   |  7.662   | 30.096 |  33.2  | 26.991 |
|           | 26.991 |   26.991  |     0     |   0.0    |        |        |        |
| WayPoint3 | 15.601 |   13.001  |   11.98   |  3.116   | 30.096 | 44.59  | 15.601 |
|           | 44.59  |   39.991  |   55.27   |  14.369  |        |        |        |
| WayPoint4 | 60.191 |   57.591  |   64.22   |  16.698  | 60.191 | 60.191 | 60.191 |
| WayPoint5 | 60.191 |   44.191  |   34.24   |  8.903   | 60.191 | 60.191 | 60.191 |
| WayPoint6 |  19.6  |    17.0   |   16.38   |  4.258   | 30.096 | 40.591 |  19.6  |
|           | 40.591 |   25.991  |   47.45   |  12.338  |        |        |        |
| WayPoint7 | 60.191 |   57.591  |   86.05   |  22.372  | 60.191 | 60.191 | 60.191 |
+-----------+--------+-----------+-----------+----------+--------+--------+--------+
Average idleness: 47.293
-----------
Variance idleness: 221.806
-----------
Total visits: 5
