+-----------+--------+-----------+-----------+----------+--------+--------+--------+
| Dest name |  true  | remaining | estimated | path_len |  mean  |  max   |  min   |
+-----------+--------+-----------+-----------+----------+--------+--------+--------+
| WayPoint1 | 60.243 |   57.443  |   48.27   |  12.55   | 60.243 | 60.243 | 60.243 |
| WayPoint2 |  21.8  |    19.0   |    23.4   |  6.083   | 30.121 | 38.443 |  21.8  |
|           | 38.443 |   32.043  |   28.68   |  7.456   |        |        |        |
| WayPoint3 | 60.243 |   58.041  |   39.27   |  10.211  | 60.243 | 60.243 | 60.243 |
| WayPoint4 |  27.8  |    25.0   |   29.48   |  7.664   | 30.121 | 32.443 |  27.8  |
|           | 32.443 |   12.042  |   64.22   |  16.698  |        |        |        |
| WayPoint5 | 60.243 |   57.043  |   69.78   |  18.142  | 60.243 | 60.243 | 60.243 |
| WayPoint6 |  47.8  |    45.0   |   19.95   |  5.187   | 30.121 |  47.8  | 12.443 |
|           | 12.443 |   12.443  |     0     |   0.0    |        |        |        |
| WayPoint7 | 60.243 |   38.043  |   63.46   |   16.5   | 60.243 | 60.243 | 60.243 |
+-----------+--------+-----------+-----------+----------+--------+--------+--------+
Average idleness: 47.334
-----------
Variance idleness: 222.204
-----------
Total visits: 5
