+-----------+--------+-----------+-----------+----------+--------+--------+--------+
| Dest name |  true  | remaining | estimated | path_len |  mean  |  max   |  min   |
+-----------+--------+-----------+-----------+----------+--------+--------+--------+
| WayPoint1 | 60.147 |   57.347  |   53.84   |  13.998  | 60.147 | 60.147 | 60.147 |
| WayPoint2 | 33.201 |   30.001  |   29.47   |  7.662   | 30.074 | 33.201 | 26.946 |
|           | 26.946 |   14.146  |   47.75   |  12.415  |        |        |        |
| WayPoint3 |  47.2  |    13.0   |   11.99   |  3.117   | 30.074 |  47.2  | 12.947 |
|           | 12.947 |   12.947  |     0     |   0.0    |        |        |        |
| WayPoint4 | 60.147 |   57.347  |   64.22   |  16.698  | 60.147 | 60.147 | 60.147 |
| WayPoint5 | 60.147 |   57.347  |   85.99   |  22.357  | 60.147 | 60.147 | 60.147 |
| WayPoint6 |  45.6  |    43.0   |   47.53   |  12.357  | 30.074 |  45.6  | 14.547 |
|           | 14.547 |   11.946  |   55.33   |  14.387  |        |        |        |
| WayPoint7 | 60.147 |   57.547  |   32.43   |  8.431   | 60.147 | 60.147 | 60.147 |
+-----------+--------+-----------+-----------+----------+--------+--------+--------+
Average idleness: 47.259
-----------
Variance idleness: 221.482
-----------
Total visits: 5
