+-----------+--------+-----------+-----------+----------+--------+--------+--------+
| Dest name |  true  | remaining | estimated | path_len |  mean  |  max   |  min   |
+-----------+--------+-----------+-----------+----------+--------+--------+--------+
| WayPoint1 | 60.175 |   57.375  |   48.27   |  12.55   | 60.175 | 60.175 | 60.175 |
| WayPoint2 | 52.601 |   50.001  |   47.55   |  12.364  | 30.087 | 52.601 | 7.574  |
|           | 7.574  |   6.975   |    30.4   |  7.905   |        |        |        |
| WayPoint3 | 60.175 |   57.375  |    71.5   |  18.59   | 60.175 | 60.175 | 60.175 |
| WayPoint4 | 52.601 |   50.001  |   51.89   |  13.492  | 30.087 | 52.601 | 7.574  |
|           | 7.574  |   6.975   |    29.5   |  7.671   |        |        |        |
| WayPoint5 | 60.175 |   38.974  |   69.78   |  18.142  | 60.175 | 60.175 | 60.175 |
| WayPoint6 |  20.2  |    17.0   |   16.38   |  4.258   | 30.087 | 39.975 |  20.2  |
|           | 39.975 |   39.975  |     0     |   0.0    |        |        |        |
| WayPoint7 | 60.175 |   57.375  |   63.59   |  16.533  | 60.175 | 60.175 | 60.175 |
+-----------+--------+-----------+-----------+----------+--------+--------+--------+
Average idleness: 47.28
-----------
Variance idleness: 221.703
-----------
Total visits: 5
