+------------+--------+-----------+-----------+--------+--------+--------+
| Dest name  |  true  | remaining | estimated |  mean  |  max   |  min   |
+------------+--------+-----------+-----------+--------+--------+--------+
| WayPoint1  | 60.263 |   57.263  |   26.14   | 60.263 | 60.263 | 60.263 |
| WayPoint10 | 60.263 |   3.262   |   45.96   | 60.263 | 60.263 | 60.263 |
| WayPoint2  |  56.0  |    53.0   |   45.81   | 30.131 |  56.0  | 4.263  |
|            | 4.263  |   4.263   |     0     |        |        |        |
| WayPoint3  | 60.263 |   60.263  |     0     | 60.263 | 60.263 | 60.263 |
| WayPoint4  |  25.6  |    23.0   |   20.67   | 30.131 | 34.663 |  25.6  |
|            | 34.663 |   34.663  |     0     |        |        |        |
| WayPoint5  | 60.263 |   60.263  |     0     | 60.263 | 60.263 | 60.263 |
| WayPoint6  | 60.264 |   60.264  |     0     | 60.264 | 60.264 | 60.264 |
| WayPoint7  | 60.264 |   34.064  |   23.01   | 60.264 | 60.264 | 60.264 |
| WayPoint8  | 60.264 |   57.664  |    28.8   | 60.264 | 60.264 | 60.264 |
| WayPoint9  | 60.264 |   57.664  |   41.85   | 60.264 | 60.264 | 60.264 |
+------------+--------+-----------+-----------+--------+--------+--------+
Average idleness: 54.237
-----------
Variance idleness: 145.275
-----------
Total visits: 2
