+------------+--------+-----------+-----------+--------+--------+--------+
| Dest name  |  true  | remaining | estimated |  mean  |  max   |  min   |
+------------+--------+-----------+-----------+--------+--------+--------+
| WayPoint1  | 31.802 |   22.002  |   16.19   | 30.114 | 31.802 | 28.426 |
|            | 28.426 |   28.426  |     0     |        |        |        |
| WayPoint10 | 60.229 |   27.429  |   33.83   | 60.229 | 60.229 | 60.229 |
| WayPoint2  | 60.229 |   56.429  |   47.48   | 60.229 | 60.229 | 60.229 |
| WayPoint3  | 60.229 |   25.429  |   28.16   | 60.229 | 60.229 | 60.229 |
| WayPoint4  | 60.229 |   60.229  |     0     | 60.229 | 60.229 | 60.229 |
| WayPoint5  | 60.229 |   56.229  |   55.75   | 60.229 | 60.229 | 60.229 |
| WayPoint6  |  33.8  |    30.0   |   26.29   | 30.114 |  33.8  | 26.429 |
|            | 26.429 |   26.429  |     0     |        |        |        |
| WayPoint7  |  8.8   |    5.0    |   10.54   | 30.114 | 51.429 |  8.8   |
|            | 51.429 |   51.429  |     0     |        |        |        |
| WayPoint8  | 60.229 |   57.029  |    32.7   | 60.229 | 60.229 | 60.229 |
| WayPoint9  | 60.229 |   60.229  |     0     | 60.229 | 60.229 | 60.229 |
+------------+--------+-----------+-----------+--------+--------+--------+
Average idleness: 51.194
-----------
Variance idleness: 190.452
-----------
Total visits: 3
