+------------+--------+-----------+-----------+--------+--------+--------+
| Dest name  |  true  | remaining | estimated |  mean  |  max   |  min   |
+------------+--------+-----------+-----------+--------+--------+--------+
| WayPoint1  | 60.279 |   60.279  |     0     | 60.279 | 60.279 | 60.279 |
| WayPoint10 | 60.279 |   39.478  |   41.14   | 60.279 | 60.279 | 60.279 |
| WayPoint2  |  38.4  |   35.999  |   36.28   | 30.139 |  38.4  | 21.879 |
|            | 21.879 |   14.279  |    0.0    |        |        |        |
| WayPoint3  |  45.6  |    43.0   |   12.63   | 30.14  |  45.6  | 14.679 |
|            | 14.679 |   14.679  |     0     |        |        |        |
| WayPoint4  | 60.279 |   39.478  |   22.93   | 60.279 | 60.279 | 60.279 |
| WayPoint5  | 60.279 |   21.476  |   51.42   | 60.279 | 60.279 | 60.279 |
| WayPoint6  |  19.8  |    17.0   |   18.38   | 30.139 | 40.479 |  19.8  |
|            | 40.479 |   40.479  |     0     |        |        |        |
| WayPoint7  |  19.8  |    17.0   |   20.54   | 30.139 | 40.479 |  19.8  |
|            | 40.479 |   40.479  |     0     |        |        |        |
| WayPoint8  | 60.279 |   39.478  |   20.52   | 60.279 | 60.279 | 60.279 |
| WayPoint9  |  19.8  |    17.0   |   18.22   | 30.139 | 40.479 |  19.8  |
|            | 40.479 |   40.479  |     0     |        |        |        |
+------------+--------+-----------+-----------+--------+--------+--------+
Average idleness: 45.209
-----------
Variance idleness: 227.102
-----------
Total visits: 5
