+------------+--------+-----------+-----------+--------+--------+--------+
| Dest name  |  true  | remaining | estimated |  mean  |  max   |  min   |
+------------+--------+-----------+-----------+--------+--------+--------+
| WayPoint1  |  37.0  |   33.998  |   33.53   | 30.174 |  37.0  | 23.348 |
|            | 23.348 |   20.947  |   16.02   |        |        |        |
| WayPoint10 | 60.348 |   22.348  |   34.53   | 60.348 | 60.348 | 60.348 |
| WayPoint2  |  38.4  |    34.0   |   36.28   | 30.174 |  38.4  | 21.948 |
|            | 21.948 |   13.348  |   47.86   |        |        |        |
| WayPoint3  | 60.348 |   40.548  |   37.44   | 60.348 | 60.348 | 60.348 |
| WayPoint4  | 60.348 |   60.348  |     0     | 60.348 | 60.348 | 60.348 |
| WayPoint5  | 60.348 |   52.345  |   38.21   | 60.348 | 60.348 | 60.348 |
| WayPoint6  |  18.8  |    16.0   |   18.38   | 30.174 | 41.548 |  18.8  |
|            | 41.548 |   41.548  |     0     |        |        |        |
| WayPoint7  |  7.0   |   3.998   |   10.54   | 30.174 | 53.348 |  7.0   |
|            | 53.348 |   53.348  |     0     |        |        |        |
| WayPoint8  | 60.348 |   60.348  |     0     | 60.348 | 60.348 | 60.348 |
| WayPoint9  |  46.4  |    44.0   |   35.02   | 30.174 |  46.4  | 13.949 |
|            | 13.949 |   13.949  |     0     |        |        |        |
+------------+--------+-----------+-----------+--------+--------+--------+
Average idleness: 45.261
-----------
Variance idleness: 227.618
-----------
Total visits: 7
