+------------+--------+-----------+-----------+--------+--------+--------+
| Dest name  |  true  | remaining | estimated |  mean  |  max   |  min   |
+------------+--------+-----------+-----------+--------+--------+--------+
| WayPoint1  |  20.6  |   17.999  |   20.84   | 20.101 |  27.6  | 12.103 |
|            |  27.6  |    13.0   |   12.64   |        |        |        |
|            | 12.103 |   12.103  |     0     |        |        |        |
| WayPoint10 | 60.303 |   27.303  |   25.98   | 60.303 | 60.303 | 60.303 |
| WayPoint2  | 60.303 |   41.303  |   38.68   | 60.303 | 60.303 | 60.303 |
| WayPoint3  |  34.2  |    13.0   |   12.63   | 30.152 |  34.2  | 26.103 |
|            | 26.103 |   16.301  |   47.46   |        |        |        |
| WayPoint4  | 58.002 |   55.002  |   40.48   | 30.152 | 58.002 | 2.301  |
|            | 2.301  |   2.301   |     0     |        |        |        |
| WayPoint5  | 60.303 |   11.103  |   37.19   | 60.303 | 60.303 | 60.303 |
| WayPoint6  |  18.6  |   15.999  |   18.38   | 30.152 | 41.703 |  18.6  |
|            | 41.703 |   1.303   |   32.98   |        |        |        |
| WayPoint7  |  9.0   |    6.0    |   10.54   | 30.152 | 51.304 |  9.0   |
|            | 51.304 |   51.304  |     0     |        |        |        |
| WayPoint8  |  32.6  |   29.999  |   25.65   | 30.152 |  32.6  | 27.704 |
|            | 27.704 |   27.704  |     0     |        |        |        |
| WayPoint9  |  43.0  |   32.999  |   19.51   | 30.152 |  43.0  | 17.304 |
|            | 17.304 |   17.304  |     0     |        |        |        |
+------------+--------+-----------+-----------+--------+--------+--------+
Average idleness: 38.192
-----------
Variance idleness: 218.182
-----------
Total visits: 10
