+------------+--------+-----------+-----------+--------+--------+--------+
| Dest name  |  true  | remaining | estimated |  mean  |  max   |  min   |
+------------+--------+-----------+-----------+--------+--------+--------+
| WayPoint1  |  20.8  |    18.0   |   20.84   | 30.103 | 39.406 |  20.8  |
|            | 39.406 |   11.406  |   26.19   |        |        |        |
| WayPoint10 | 60.206 |   10.004  |    38.4   | 60.206 | 60.206 | 60.206 |
| WayPoint2  | 60.206 |   57.406  |   47.55   | 60.206 | 60.206 | 60.206 |
| WayPoint3  | 60.206 |   12.206  |   39.28   | 60.206 | 60.206 | 60.206 |
| WayPoint4  | 60.206 |   57.406  |   32.84   | 60.206 | 60.206 | 60.206 |
| WayPoint5  | 60.206 |   60.206  |     0     | 60.206 | 60.206 | 60.206 |
| WayPoint6  |  47.8  |    26.0   |   26.41   | 30.103 |  47.8  | 12.406 |
|            | 12.406 |   12.406  |     0     |        |        |        |
| WayPoint7  |  35.6  |   32.998  |   16.19   | 30.103 |  35.6  | 24.606 |
|            | 24.606 |   24.606  |     0     |        |        |        |
| WayPoint8  |  47.0  |    11.0   |   11.41   | 30.103 |  47.0  | 13.206 |
|            | 13.206 |   13.206  |     0     |        |        |        |
| WayPoint9  |  49.6  |   46.998  |   38.52   | 30.103 |  49.6  | 10.606 |
|            | 10.606 |   10.606  |     0     |        |        |        |
+------------+--------+-----------+-----------+--------+--------+--------+
Average idleness: 45.154
-----------
Variance idleness: 226.548
-----------
Total visits: 6
