+------------+--------+-----------+-----------+--------+--------+--------+
| Dest name  |  true  | remaining | estimated |  mean  |  max   |  min   |
+------------+--------+-----------+-----------+--------+--------+--------+
| WayPoint1  |  53.0  |    29.0   |   25.63   | 30.138 |  53.0  | 7.276  |
|            | 7.276  |   7.276   |     0     |        |        |        |
| WayPoint10 | 60.276 |   56.476  |   38.76   | 60.276 | 60.276 | 60.276 |
| WayPoint2  | 60.276 |   31.276  |   29.27   | 60.276 | 60.276 | 60.276 |
| WayPoint3  | 43.802 |   40.002  |   12.63   | 30.138 | 43.802 | 16.474 |
|            | 16.474 |   4.076   |   13.58   |        |        |        |
| WayPoint4  | 60.276 |   16.069  |   28.26   | 60.276 | 60.276 | 60.276 |
| WayPoint5  |  55.8  |    52.0   |   51.44   | 30.138 |  55.8  | 4.476  |
|            | 4.476  |   4.476   |     0     |        |        |        |
| WayPoint6  |  28.0  |    24.0   |   20.48   | 30.138 | 32.276 |  28.0  |
|            | 32.276 |   32.276  |     0     |        |        |        |
| WayPoint7  | 60.276 |   56.476  |   23.09   | 60.276 | 60.276 | 60.276 |
| WayPoint8  |  23.0  |    19.0   |   20.54   | 30.138 | 37.276 |  23.0  |
|            | 37.276 |   6.274   |   25.65   |        |        |        |
| WayPoint9  | 60.276 |   56.476  |   38.52   | 60.276 | 60.276 | 60.276 |
+------------+--------+-----------+-----------+--------+--------+--------+
Average idleness: 45.207
-----------
Variance idleness: 227.075
-----------
Total visits: 7
