+------------+--------+-----------+-----------+--------+--------+--------+
| Dest name  |  true  | remaining | estimated |  mean  |  max   |  min   |
+------------+--------+-----------+-----------+--------+--------+--------+
| WayPoint1  | 60.241 |   57.441  |   25.57   | 60.241 | 60.241 | 60.241 |
| WayPoint10 |  29.6  |    27.0   |   30.49   | 30.12  | 30.641 |  29.6  |
|            | 30.641 |   30.641  |     0     |        |        |        |
| WayPoint2  | 60.241 |   30.241  |   45.54   | 60.241 | 60.241 | 60.241 |
| WayPoint3  | 60.241 |   57.441  |   44.94   | 60.241 | 60.241 | 60.241 |
| WayPoint4  | 60.241 |   57.641  |   42.02   | 60.241 | 60.241 | 60.241 |
| WayPoint5  |  21.8  |    19.0   |   15.56   | 30.12  | 38.441 |  21.8  |
|            | 38.441 |   29.037  |    37.8   |        |        |        |
| WayPoint6  | 60.241 |   60.241  |     0     | 60.241 | 60.241 | 60.241 |
| WayPoint7  |  30.6  |    28.0   |   16.19   | 30.12  |  30.6  | 29.641 |
|            | 29.641 |   29.641  |     0     |        |        |        |
| WayPoint8  | 60.241 |   37.841  |   47.84   | 60.241 | 60.241 | 60.241 |
| WayPoint9  | 60.241 |   57.441  |   47.37   | 60.241 | 60.241 | 60.241 |
+------------+--------+-----------+-----------+--------+--------+--------+
Average idleness: 51.205
-----------
Variance idleness: 190.528
-----------
Total visits: 4
