+------------+--------+-----------+-----------+--------+--------+--------+
| Dest name  |  true  | remaining | estimated |  mean  |  max   |  min   |
+------------+--------+-----------+-----------+--------+--------+--------+
| WayPoint1  | 60.258 |   56.058  |   20.84   | 60.258 | 60.258 | 60.258 |
| WayPoint10 | 60.258 |   56.857  |   38.76   | 60.258 | 60.258 | 60.258 |
| WayPoint2  | 60.258 |   56.657  |   38.44   | 60.258 | 60.258 | 60.258 |
| WayPoint3  | 60.258 |   24.858  |   28.54   | 60.258 | 60.258 | 60.258 |
| WayPoint4  | 60.258 |   56.058  |   32.47   | 60.258 | 60.258 | 60.258 |
| WayPoint5  | 60.258 |   60.258  |     0     | 60.258 | 60.258 | 60.258 |
| WayPoint6  | 60.258 |   56.258  |    38.7   | 60.258 | 60.258 | 60.258 |
| WayPoint7  | 34.401 |    31.0   |   16.19   | 30.129 | 34.401 | 25.857 |
|            | 25.857 |   25.857  |     0     |        |        |        |
| WayPoint8  | 60.258 |   60.258  |     0     | 60.258 | 60.258 | 60.258 |
| WayPoint9  |  60.0  |    56.0   |   38.52   | 30.129 |  60.0  | 0.258  |
|            | 0.258  |   0.258   |     0     |        |        |        |
+------------+--------+-----------+-----------+--------+--------+--------+
Average idleness: 54.232
-----------
Variance idleness: 145.241
-----------
Total visits: 2
