+------------+--------+-----------+-----------+----------+--------+--------+--------+
| Dest name  |  true  | remaining | estimated | path_len |  mean  |  max   |  min   |
+------------+--------+-----------+-----------+----------+--------+--------+--------+
| WayPoint1  | 60.218 |   17.017  |   64.75   |  16.836  | 60.218 | 60.218 | 60.218 |
| WayPoint10 | 60.218 |   56.018  |   26.16   |  6.802   | 60.218 | 60.218 | 60.218 |
| WayPoint11 | 42.201 |   38.001  |   21.47   |  5.582   | 30.109 | 42.201 | 18.017 |
|            | 18.017 |   18.017  |     0     |   0.0    |        |        |        |
| WayPoint2  | 60.218 |   56.018  |    54.1   |  14.067  | 60.218 | 60.218 | 60.218 |
| WayPoint3  | 60.218 |   57.618  |   40.37   |  10.497  | 60.218 | 60.218 | 60.218 |
| WayPoint4  | 60.218 |   57.618  |   41.09   |  10.684  | 60.218 | 60.218 | 60.218 |
| WayPoint5  | 60.218 |   57.418  |   39.92   |  10.38   | 60.218 | 60.218 | 60.218 |
| WayPoint6  | 60.218 |   18.017  |   16.05   |  4.172   | 60.218 | 60.218 | 60.218 |
| WayPoint7  | 41.202 |   37.002  |   35.19   |  9.148   | 30.109 | 41.202 | 19.016 |
|            | 19.016 |   19.016  |     0     |   0.0    |        |        |        |
| WayPoint8  | 48.201 |   15.001  |   14.83   |  3.857   | 30.109 | 48.201 | 12.017 |
|            | 12.017 |   12.017  |     0     |   0.0    |        |        |        |
| WayPoint9  | 32.201 |   28.001  |   27.58   |  7.172   | 30.109 | 32.201 | 28.017 |
|            | 28.017 |   11.018  |   15.12   |   3.93   |        |        |        |
+------------+--------+-----------+-----------+----------+--------+--------+--------+
Average idleness: 49.269
-----------
Variance idleness: 209.781
-----------
Total visits: 5
