+------------+--------+-----------+-----------+----------+--------+--------+--------+
| Dest name  |  true  | remaining | estimated | path_len |  mean  |  max   |  min   |
+------------+--------+-----------+-----------+----------+--------+--------+--------+
| WayPoint1  | 60.328 |   26.126  |   34.57   |  8.988   | 60.328 | 60.328 | 60.328 |
| WayPoint10 |  54.2  |    51.0   |    29.3   |  7.619   | 30.164 |  54.2  | 6.128  |
|            | 6.128  |   6.128   |     0     |   0.0    |        |        |        |
| WayPoint11 | 60.328 |   22.728  |   45.67   |  11.873  | 60.328 | 60.328 | 60.328 |
| WayPoint2  | 60.328 |   57.727  |   54.11   |  14.068  | 60.328 | 60.328 | 60.328 |
| WayPoint3  | 60.328 |   5.128   |    26.0   |   6.76   | 60.328 | 60.328 | 60.328 |
| WayPoint4  | 60.328 |   57.528  |   41.09   |  10.684  | 60.328 | 60.328 | 60.328 |
| WayPoint5  | 60.328 |   57.528  |   33.78   |  8.783   | 60.328 | 60.328 | 60.328 |
| WayPoint6  | 60.328 |   57.328  |   26.46   |   6.88   | 60.328 | 60.328 | 60.328 |
| WayPoint7  | 33.001 |   30.001  |   28.73   |   7.47   | 30.164 | 33.001 | 27.327 |
|            | 27.327 |   27.327  |     0     |   0.0    |        |        |        |
| WayPoint8  |  36.6  |   33.999  |   27.75   |  7.214   | 30.164 |  36.6  | 23.728 |
|            | 23.728 |   23.728  |     0     |   0.0    |        |        |        |
| WayPoint9  | 60.328 |   57.328  |   33.07   |  8.598   | 60.328 | 60.328 | 60.328 |
+------------+--------+-----------+-----------+----------+--------+--------+--------+
Average idleness: 52.101
-----------
Variance idleness: 180.469
-----------
Total visits: 3
