+------------+--------+-----------+-----------+----------+--------+--------+--------+
| Dest name  |  true  | remaining | estimated | path_len |  mean  |  max   |  min   |
+------------+--------+-----------+-----------+----------+--------+--------+--------+
| WayPoint1  | 60.248 |   57.448  |   32.92   |  8.558   | 60.248 | 60.248 | 60.248 |
| WayPoint10 | 60.248 |   30.648  |   29.38   |  7.639   | 60.248 | 60.248 | 60.248 |
| WayPoint11 | 25.001 |   21.001  |   21.34   |  5.547   | 30.124 | 35.247 | 25.001 |
|            | 35.247 |   35.247  |     0     |   0.0    |        |        |        |
| WayPoint2  | 60.248 |   56.248  |    54.1   |  14.066  | 60.248 | 60.248 | 60.248 |
| WayPoint3  |  54.2  |    50.0   |   37.35   |  9.712   | 30.124 |  54.2  | 6.048  |
|            | 6.048  |   6.048   |     0     |   0.0    |        |        |        |
| WayPoint4  |  29.0  |    25.0   |   25.41   |  6.607   | 30.124 | 31.248 |  29.0  |
|            | 31.248 |   6.647   |   14.98   |  3.895   |        |        |        |
| WayPoint5  | 60.248 |   57.648  |   33.78   |  8.783   | 60.248 | 60.248 | 60.248 |
| WayPoint6  | 60.248 |   34.648  |   21.79   |  5.667   | 60.248 | 60.248 | 60.248 |
| WayPoint7  | 52.601 |   28.001  |   16.96   |  4.409   | 30.124 | 52.601 | 7.647  |
|            | 7.647  |   6.048   |   26.81   |  6.971   |        |        |        |
| WayPoint8  |  23.0  |    19.0   |   19.42   |   5.05   | 30.124 | 37.248 |  23.0  |
|            | 37.248 |   5.047   |   25.11   |  6.527   |        |        |        |
| WayPoint9  | 53.601 |   51.001  |   37.99   |  9.876   | 30.124 | 53.601 | 6.647  |
|            | 6.647  |   6.647   |     0     |   0.0    |        |        |        |
+------------+--------+-----------+-----------+----------+--------+--------+--------+
Average idleness: 43.817
-----------
Variance idleness: 224.989
-----------
Total visits: 9
