+------------+--------+-----------+-----------+----------+--------+--------+--------+
| Dest name  |  true  | remaining | estimated | path_len |  mean  |  max   |  min   |
+------------+--------+-----------+-----------+----------+--------+--------+--------+
| WayPoint1  | 60.159 |   60.159  |     0     |   0.0    | 60.159 | 60.159 | 60.159 |
| WayPoint10 | 31.001 |   27.001  |   26.14   |  6.797   | 30.08  | 31.001 | 29.158 |
|            | 29.158 |   29.158  |     0     |   0.0    |        |        |        |
| WayPoint11 | 60.159 |   56.159  |   43.59   |  11.334  | 60.159 | 60.159 | 60.159 |
| WayPoint2  | 60.16  |   55.96   |   43.69   |  11.36   | 60.16  | 60.16  | 60.16  |
| WayPoint3  | 60.16  |   56.16   |   44.05   |  11.453  | 60.16  | 60.16  | 60.16  |
| WayPoint4  | 47.201 |   43.001  |   31.52   |  8.195   | 30.08  | 47.201 | 12.959 |
|            | 12.959 |   12.959  |     0     |   0.0    |        |        |        |
| WayPoint5  | 60.16  |   56.56   |   54.62   |   14.2   | 60.16  | 60.16  | 60.16  |
| WayPoint6  | 60.16  |   56.56   |   21.79   |  5.667   | 60.16  | 60.16  | 60.16  |
| WayPoint7  | 60.16  |   56.563  |   26.46   |  6.879   | 60.16  | 60.16  | 60.16  |
| WayPoint8  | 60.163 |   11.962  |   31.06   |  8.076   | 60.163 | 60.163 | 60.163 |
| WayPoint9  | 60.163 |   28.161  |   38.05   |  9.892   | 60.163 | 60.163 | 60.163 |
+------------+--------+-----------+-----------+----------+--------+--------+--------+
Average idleness: 54.691
-----------
Variance idleness: 134.603
-----------
Total visits: 2
