+------------+--------+-----------+-----------+----------+--------+--------+--------+
| Dest name  |  true  | remaining | estimated | path_len |  mean  |  max   |  min   |
+------------+--------+-----------+-----------+----------+--------+--------+--------+
| WayPoint1  | 60.348 |   57.348  |   64.27   |  16.709  | 60.348 | 60.348 | 60.348 |
| WayPoint10 |  51.0  |    48.0   |   40.57   |  10.548  | 30.174 |  51.0  | 9.348  |
|            | 9.348  |   9.348   |     0     |   0.0    |        |        |        |
| WayPoint11 | 60.348 |   57.748  |   55.85   |  14.522  | 60.348 | 60.348 | 60.348 |
| WayPoint2  | 33.402 |   13.002  |   12.96   |  3.369   | 30.174 | 33.402 | 26.946 |
|            | 26.946 |   8.747   |   39.79   |  10.345  |        |        |        |
| WayPoint3  | 60.348 |   25.948  |   37.19   |   9.67   | 60.348 | 60.348 | 60.348 |
| WayPoint4  |  56.0  |    53.0   |   21.18   |  5.507   | 30.174 |  56.0  | 4.348  |
|            | 4.348  |   1.747   |   21.03   |  5.467   |        |        |        |
| WayPoint5  | 51.601 |   48.001  |   37.04   |   9.63   | 30.174 | 51.601 | 8.747  |
|            | 8.747  |   8.747   |     0     |   0.0    |        |        |        |
| WayPoint6  |  57.6  |    55.0   |   29.33   |  7.626   | 30.174 |  57.6  | 2.748  |
|            | 2.748  |   2.748   |     0     |   0.0    |        |        |        |
| WayPoint7  |  36.0  |    33.0   |   26.05   |  6.772   | 30.174 |  36.0  | 24.348 |
|            | 24.348 |   3.748   |   15.53   |  4.039   |        |        |        |
| WayPoint8  | 20.001 |   17.001  |   19.42   |   5.05   | 30.174 | 40.347 | 20.001 |
|            | 40.347 |   23.748  |   17.48   |  4.544   |        |        |        |
| WayPoint9  | 60.348 |   7.746   |   52.22   |  13.578  | 60.348 | 60.348 | 60.348 |
+------------+--------+-----------+-----------+----------+--------+--------+--------+
Average idleness: 41.146
-----------
Variance idleness: 210.687
-----------
Total visits: 11
