+------------+--------+-----------+-----------+----------+--------+--------+--------+
| Dest name  |  true  | remaining | estimated | path_len |  mean  |  max   |  min   |
+------------+--------+-----------+-----------+----------+--------+--------+--------+
| WayPoint1  | 60.229 |   57.229  |   50.15   |  13.039  | 60.229 | 60.229 | 60.229 |
| WayPoint10 | 60.229 |   39.029  |   28.48   |  7.406   | 60.229 | 60.229 | 60.229 |
| WayPoint11 | 60.229 |   57.429  |   40.75   |  10.596  | 60.229 | 60.229 | 60.229 |
| WayPoint2  | 60.229 |   57.229  |   57.82   |  15.033  | 60.229 | 60.229 | 60.229 |
| WayPoint3  | 60.229 |   57.429  |   36.63   |  9.525   | 60.229 | 60.229 | 60.229 |
| WayPoint4  | 35.001 |   32.601  |   29.13   |  7.573   | 30.114 | 35.001 | 25.228 |
|            | 25.228 |   4.629   |   41.15   |  10.699  |        |        |        |
| WayPoint5  | 60.229 |   10.828  |    27.8   |  7.227   | 60.229 | 60.229 | 60.229 |
| WayPoint6  | 60.229 |   57.229  |   44.03   |  11.449  | 60.229 | 60.229 | 60.229 |
| WayPoint7  |  48.4  |   12.999  |   15.12   |  3.931   | 30.114 |  48.4  | 11.829 |
|            | 11.829 |   11.829  |     0     |   0.0    |        |        |        |
| WayPoint8  |  20.6  |    18.0   |    14.6   |  3.797   | 30.114 | 39.629 |  20.6  |
|            | 39.629 |   39.629  |     0     |   0.0    |        |        |        |
| WayPoint9  |  54.6  |    51.6   |   33.07   |  8.598   | 30.114 |  54.6  | 5.629  |
|            | 5.629  |   5.629   |     0     |   0.0    |        |        |        |
+------------+--------+-----------+-----------+----------+--------+--------+--------+
Average idleness: 49.278
-----------
Variance idleness: 209.864
-----------
Total visits: 5
