+------------+--------+-----------+-----------+----------+--------+--------+--------+
| Dest name  |  true  | remaining | estimated | path_len |  mean  |  max   |  min   |
+------------+--------+-----------+-----------+----------+--------+--------+--------+
| WayPoint1  | 60.248 |   56.248  |   44.13   |  11.473  | 60.248 | 60.248 | 60.248 |
| WayPoint10 | 49.401 |    47.0   |   39.73   |  10.33   | 30.124 | 49.401 | 10.847 |
|            | 10.847 |   10.847  |     0     |   0.0    |        |        |        |
| WayPoint11 | 60.248 |   9.848   |   46.41   |  12.067  | 60.248 | 60.248 | 60.248 |
| WayPoint2  | 60.248 |   56.045  |   40.15   |  10.439  | 60.248 | 60.248 | 60.248 |
| WayPoint3  | 60.248 |   60.248  |     0     |   0.0    | 60.248 | 60.248 | 60.248 |
| WayPoint4  | 60.248 |   60.248  |     0     |   0.0    | 60.248 | 60.248 | 60.248 |
| WayPoint5  | 60.248 |   56.045  |   54.62   |  14.201  | 60.248 | 60.248 | 60.248 |
| WayPoint6  | 60.248 |   56.045  |   41.55   |  10.804  | 60.248 | 60.248 | 60.248 |
| WayPoint7  | 60.248 |   57.648  |   29.76   |  7.737   | 60.248 | 60.248 | 60.248 |
| WayPoint8  | 60.248 |   56.248  |   19.42   |   5.05   | 60.248 | 60.248 | 60.248 |
| WayPoint9  | 60.248 |   56.045  |   41.54   |  10.801  | 60.248 | 60.248 | 60.248 |
+------------+--------+-----------+-----------+----------+--------+--------+--------+
Average idleness: 57.509
-----------
Variance idleness: 74.996
-----------
Total visits: 1
