+------------+--------+-----------+-----------+----------+--------+--------+--------+
| Dest name  |  true  | remaining | estimated | path_len |  mean  |  max   |  min   |
+------------+--------+-----------+-----------+----------+--------+--------+--------+
| WayPoint1  | 60.216 |   57.416  |   60.59   |  15.753  | 60.216 | 60.216 | 60.216 |
| WayPoint10 | 60.216 |   57.614  |   43.43   |  11.292  | 60.216 | 60.216 | 60.216 |
| WayPoint11 | 60.216 |   57.416  |   43.59   |  11.334  | 60.216 | 60.216 | 60.216 |
| WayPoint2  | 40.403 |   12.003  |   13.02   |  3.386   | 30.108 | 40.403 | 19.813 |
|            | 19.813 |   7.016   |   27.25   |  7.084   |        |        |        |
| WayPoint3  | 60.216 |   57.214  |   37.38   |  9.719   | 60.216 | 60.216 | 60.216 |
| WayPoint4  | 60.216 |   18.614  |   44.39   |  11.542  | 60.216 | 60.216 | 60.216 |
| WayPoint5  | 60.216 |   57.416  |   16.64   |  4.328   | 60.216 | 60.216 | 60.216 |
| WayPoint6  | 60.216 |   20.015  |    0.0    |   0.0    | 60.216 | 60.216 | 60.216 |
| WayPoint7  |  39.2  |    36.0   |   35.19   |  9.148   | 30.108 |  39.2  | 21.016 |
|            | 21.016 |   21.016  |     0     |   0.0    |        |        |        |
| WayPoint8  |  27.4  |   24.999  |    14.6   |  3.797   | 30.108 | 32.816 |  27.4  |
|            | 32.816 |   32.816  |     0     |   0.0    |        |        |        |
| WayPoint9  |  52.2  |    49.0   |   35.57   |  9.248   | 30.108 |  52.2  | 8.017  |
|            | 8.017  |   8.017   |     0     |   0.0    |        |        |        |
+------------+--------+-----------+-----------+----------+--------+--------+--------+
Average idleness: 49.268
-----------
Variance idleness: 209.767
-----------
Total visits: 5
