+------------+--------+-----------+-----------+----------+--------+--------+--------+
| Dest name  |  true  | remaining | estimated | path_len |  mean  |  max   |  min   |
+------------+--------+-----------+-----------+----------+--------+--------+--------+
| WayPoint1  | 60.197 |   31.797  |   43.02   |  11.184  | 60.197 | 60.197 | 60.197 |
| WayPoint10 | 60.197 |   57.595  |   38.08   |  9.902   | 60.197 | 60.197 | 60.197 |
| WayPoint11 | 60.197 |   8.994   |   58.18   |  15.126  | 60.197 | 60.197 | 60.197 |
| WayPoint2  |  50.6  |   47.998  |   28.63   |  7.444   | 30.099 |  50.6  | 9.597  |
|            | 9.597  |   9.597   |     0     |   0.0    |        |        |        |
| WayPoint3  | 27.402 |   13.002  |   11.55   |  3.004   | 30.099 | 32.795 | 27.402 |
|            | 32.795 |   27.797  |   35.41   |  9.208   |        |        |        |
| WayPoint4  |  47.6  |   44.998  |   31.51   |  8.192   | 30.099 |  47.6  | 12.597 |
|            | 12.597 |   4.997   |   14.98   |  3.895   |        |        |        |
| WayPoint5  | 60.197 |   56.792  |   16.64   |  4.328   | 60.197 | 60.197 | 60.197 |
| WayPoint6  | 60.197 |   56.792  |   21.79   |  5.667   | 60.197 | 60.197 | 60.197 |
| WayPoint7  | 13.801 |   11.001  |   11.63   |  3.023   | 20.066 | 40.399 | 5.997  |
|            | 40.399 |   14.998  |   16.21   |  4.215   |        |        |        |
|            | 5.997  |   5.997   |     0     |   0.0    |        |        |        |
| WayPoint8  | 38.801 |   36.001  |   27.75   |  7.214   | 30.099 | 38.801 | 21.396 |
|            | 21.396 |   21.396  |     0     |   0.0    |        |        |        |
| WayPoint9  |  31.8  |    29.0   |   27.58   |  7.172   | 30.099 |  31.8  | 28.397 |
|            | 28.397 |   11.997  |    41.4   |  10.764  |        |        |        |
+------------+--------+-----------+-----------+----------+--------+--------+--------+
Average idleness: 42.868
-----------
Variance idleness: 257.876
-----------
Total visits: 10
