+------------+--------+-----------+-----------+----------+--------+--------+--------+
| Dest name  |  true  | remaining | estimated | path_len |  mean  |  max   |  min   |
+------------+--------+-----------+-----------+----------+--------+--------+--------+
| WayPoint1  | 60.331 |   60.331  |     0     |   0.0    | 60.331 | 60.331 | 60.331 |
| WayPoint10 | 60.331 |   57.731  |   38.76   |  10.079  | 60.331 | 60.331 | 60.331 |
| WayPoint2  | 60.332 |   60.332  |     0     |   0.0    | 60.332 | 60.332 | 60.332 |
| WayPoint3  | 60.332 |   60.332  |     0     |   0.0    | 60.332 | 60.332 | 60.332 |
| WayPoint4  | 60.332 |   60.332  |     0     |   0.0    | 60.332 | 60.332 | 60.332 |
| WayPoint5  |  40.4  |    38.0   |   35.95   |  9.346   | 30.166 |  40.4  | 19.932 |
|            | 19.932 |   19.932  |     0     |   0.0    |        |        |        |
| WayPoint6  | 60.332 |   29.332  |   20.67   |  5.374   | 60.332 | 60.332 | 60.332 |
| WayPoint7  | 60.332 |   19.332  |   38.23   |  9.939   | 60.332 | 60.332 | 60.332 |
| WayPoint8  |  30.6  |    28.0   |    25.6   |  6.655   | 30.166 |  30.6  | 29.732 |
|            | 29.732 |   29.732  |     0     |   0.0    |        |        |        |
| WayPoint9  | 60.332 |   60.332  |     0     |   0.0    | 60.332 | 60.332 | 60.332 |
+------------+--------+-----------+-----------+----------+--------+--------+--------+
Average idleness: 54.299
-----------
Variance idleness: 145.596
-----------
Total visits: 2
