+------------+--------+-----------+-----------+----------+--------+--------+--------+
| Dest name  |  true  | remaining | estimated | path_len |  mean  |  max   |  min   |
+------------+--------+-----------+-----------+----------+--------+--------+--------+
| WayPoint1  | 60.595 |   60.595  |     0     |   0.0    | 60.595 | 60.595 | 60.595 |
| WayPoint10 | 60.595 |   57.195  |   33.64   |  8.747   | 60.595 | 60.595 | 60.595 |
| WayPoint2  | 60.595 |   57.795  |   45.81   |  11.911  | 60.595 | 60.595 | 60.595 |
| WayPoint3  | 60.595 |   57.795  |   46.59   |  12.112  | 60.595 | 60.595 | 60.595 |
| WayPoint4  | 60.595 |   60.595  |     0     |   0.0    | 60.595 | 60.595 | 60.595 |
| WayPoint5  | 60.595 |   60.595  |     0     |   0.0    | 60.595 | 60.595 | 60.595 |
| WayPoint6  | 60.595 |   60.595  |     0     |   0.0    | 60.595 | 60.595 | 60.595 |
| WayPoint7  | 60.595 |   60.595  |     0     |   0.0    | 60.595 | 60.595 | 60.595 |
| WayPoint8  | 60.595 |   60.595  |     0     |   0.0    | 60.595 | 60.595 | 60.595 |
| WayPoint9  | 60.595 |   60.595  |     0     |   0.0    | 60.595 | 60.595 | 60.595 |
+------------+--------+-----------+-----------+----------+--------+--------+--------+
Average idleness: 60.595
-----------
Variance idleness: 0.0
-----------
Total visits: 0
