+------------+-------+-----------+-----------+----------+--------+-------+-------+
| Dest name  |  true | remaining | estimated | path_len |  mean  |  max  |  min  |
+------------+-------+-----------+-----------+----------+--------+-------+-------+
| WayPoint1  | 60.75 |   11.55   |   35.49   |  9.226   | 60.75  | 60.75 | 60.75 |
| WayPoint10 | 60.75 |   60.75   |     0     |   0.0    | 60.75  | 60.75 | 60.75 |
| WayPoint2  | 60.75 |   60.75   |     0     |   0.0    | 60.75  | 60.75 | 60.75 |
| WayPoint3  | 60.75 |   60.75   |     0     |   0.0    | 60.75  | 60.75 | 60.75 |
| WayPoint4  | 60.75 |   29.15   |   23.14   |  6.017   | 60.75  | 60.75 | 60.75 |
| WayPoint5  | 60.75 |   60.75   |     0     |   0.0    | 60.75  | 60.75 | 60.75 |
| WayPoint6  |  31.0 |   27.999  |   26.29   |  6.835   | 30.375 |  31.0 | 29.75 |
|            | 29.75 |   29.75   |     0     |   0.0    |        |       |       |
| WayPoint7  | 60.75 |   57.55   |   19.35   |  5.031   | 60.75  | 60.75 | 60.75 |
| WayPoint8  | 60.75 |   60.75   |     0     |   0.0    | 60.75  | 60.75 | 60.75 |
| WayPoint9  |  48.2 |    45.0   |   38.52   |  10.015  | 30.375 |  48.2 | 12.55 |
|            | 12.55 |   12.55   |     0     |   0.0    |        |       |       |
+------------+-------+-----------+-----------+----------+--------+-------+-------+
Average idleness: 54.675
-----------
Variance idleness: 147.623
-----------
Total visits: 2
