+------------+--------+-----------+-----------+----------+--------+--------+--------+
| Dest name  |  true  | remaining | estimated | path_len |  mean  |  max   |  min   |
+------------+--------+-----------+-----------+----------+--------+--------+--------+
| WayPoint1  | 60.342 |   60.342  |     0     |   0.0    | 60.342 | 60.342 | 60.342 |
| WayPoint10 | 60.342 |   12.742  |   21.28   |  5.532   | 60.342 | 60.342 | 60.342 |
| WayPoint2  | 60.342 |   60.342  |     0     |   0.0    | 60.342 | 60.342 | 60.342 |
| WayPoint3  | 60.342 |   60.342  |     0     |   0.0    | 60.342 | 60.342 | 60.342 |
| WayPoint4  | 60.342 |   60.342  |     0     |   0.0    | 60.342 | 60.342 | 60.342 |
| WayPoint5  | 60.342 |   57.942  |   55.75   |  14.496  | 60.342 | 60.342 | 60.342 |
| WayPoint6  | 60.342 |   60.342  |     0     |   0.0    | 60.342 | 60.342 | 60.342 |
| WayPoint7  | 60.342 |   60.342  |     0     |   0.0    | 60.342 | 60.342 | 60.342 |
| WayPoint8  | 60.342 |   57.942  |    28.8   |  7.489   | 60.342 | 60.342 | 60.342 |
| WayPoint9  | 46.601 |   44.001  |   35.02   |  9.104   | 30.172 | 46.601 | 13.742 |
|            | 13.742 |   13.742  |     0     |   0.0    |        |        |        |
+------------+--------+-----------+-----------+----------+--------+--------+--------+
Average idleness: 57.325
-----------
Variance idleness: 81.921
-----------
Total visits: 1
