+------------+--------+-----------+-----------+----------+--------+--------+--------+
| Dest name  |  true  | remaining | estimated | path_len |  mean  |  max   |  min   |
+------------+--------+-----------+-----------+----------+--------+--------+--------+
| WayPoint1  | 39.601 |   37.001  |   33.53   |  8.719   | 30.197 | 39.601 | 20.793 |
|            | 20.793 |   20.793  |     0     |   0.0    |        |        |        |
| WayPoint10 | 60.394 |   57.194  |   38.76   |  10.079  | 60.394 | 60.394 | 60.394 |
| WayPoint2  | 60.395 |   30.395  |   29.48   |  7.664   | 60.395 | 60.395 | 60.395 |
| WayPoint3  |  52.0  |   11.999  |   12.63   |  3.283   | 30.197 |  52.0  | 8.395  |
|            | 8.395  |   8.395   |     0     |   0.0    |        |        |        |
| WayPoint4  | 60.395 |   7.395   |   28.26   |  7.348   | 60.395 | 60.395 | 60.395 |
| WayPoint5  | 60.395 |   60.395  |     0     |   0.0    | 60.395 | 60.395 | 60.395 |
| WayPoint6  | 29.602 |   27.002  |   26.29   |  6.835   | 30.197 | 30.793 | 29.602 |
|            | 30.793 |   30.793  |     0     |   0.0    |        |        |        |
| WayPoint7  | 60.395 |   60.395  |     0     |   0.0    | 60.395 | 60.395 | 60.395 |
| WayPoint8  | 60.395 |   60.395  |     0     |   0.0    | 60.395 | 60.395 | 60.395 |
| WayPoint9  | 60.395 |   60.395  |     0     |   0.0    | 60.395 | 60.395 | 60.395 |
+------------+--------+-----------+-----------+----------+--------+--------+--------+
Average idleness: 51.336
-----------
Variance idleness: 191.501
-----------
Total visits: 3
