+-----------+--------+-----------+-----------+----------+--------+--------+--------+
| Dest name |  true  | remaining | estimated | path_len |  mean  |  max   |  min   |
+-----------+--------+-----------+-----------+----------+--------+--------+--------+
| WayPoint1 |  17.6  |   14.999  |    16.4   |  4.264   | 30.101 | 42.601 |  17.6  |
|           | 42.601 |    39.0   |   31.48   |  8.184   |        |        |        |
| WayPoint2 |  20.6  |   17.999  |    23.7   |  6.161   | 30.101 | 39.601 |  20.6  |
|           | 39.601 |   12.001  |   47.55   |  12.364  |        |        |        |
| WayPoint3 |  15.8  |   12.996  |   11.98   |  3.116   | 30.101 | 44.401 |  15.8  |
|           | 44.401 |   42.001  |   39.27   |  10.211  |        |        |        |
| WayPoint4 | 60.201 |    57.6   |   48.25   |  12.546  | 60.201 | 60.201 | 60.201 |
| WayPoint5 |  57.2  |   54.396  |   51.76   |  13.457  | 30.101 |  57.2  | 3.001  |
|           | 3.001  |   3.001   |     0     |   0.0    |        |        |        |
| WayPoint6 |  47.6  |   44.999  |   19.95   |  5.187   | 30.101 |  47.6  | 12.601 |
|           | 12.601 |   1.999   |   71.41   |  18.566  |        |        |        |
| WayPoint7 | 60.201 |   43.401  |   71.32   |  18.542  | 60.201 | 60.201 | 60.201 |
+-----------+--------+-----------+-----------+----------+--------+--------+--------+
Average idleness: 38.701
-----------
Variance idleness: 184.9
-----------
Total visits: 9
