+-----------+--------+-----------+-----------+----------+--------+--------+--------+
| Dest name |  true  | remaining | estimated | path_len |  mean  |  max   |  min   |
+-----------+--------+-----------+-----------+----------+--------+--------+--------+
| WayPoint1 | 20.601 |    18.0   |    16.4   |  4.264   | 20.094 | 35.401 | 4.279  |
|           | 35.401 |   34.802  |    16.4   |  4.264   |        |        |        |
|           | 4.279  |   4.279   |     0     |   0.0    |        |        |        |
| WayPoint2 |  31.2  |   27.998  |   29.47   |  7.662   | 30.14  |  31.2  | 29.081 |
|           | 29.081 |   10.081  |   23.81   |  6.192   |        |        |        |
| WayPoint3 | 60.281 |   39.281  |   39.27   |  10.211  | 60.281 | 60.281 | 60.281 |
| WayPoint4 |  49.6  |   46.999  |   51.89   |  13.492  | 30.141 |  49.6  | 10.681 |
|           | 10.681 |   3.081   |   48.25   |  12.546  |        |        |        |
| WayPoint5 | 60.281 |   57.279  |   85.94   |  22.343  | 60.281 | 60.281 | 60.281 |
| WayPoint6 | 20.601 |    18.0   |   16.38   |  4.258   | 30.14  | 39.68  | 20.601 |
|           | 39.68  |   28.081  |   47.45   |  12.338  |        |        |        |
| WayPoint7 | 60.281 |   57.079  |   63.57   |  16.528  | 60.281 | 60.281 | 60.281 |
+-----------+--------+-----------+-----------+----------+--------+--------+--------+
Average idleness: 41.623
-----------
Variance idleness: 271.917
-----------
Total visits: 8
