+-----------+--------+-----------+-----------+----------+--------+--------+--------+
| Dest name |  true  | remaining | estimated | path_len |  mean  |  max   |  min   |
+-----------+--------+-----------+-----------+----------+--------+--------+--------+
| WayPoint1 | 60.166 |   57.566  |   48.27   |  12.55   | 60.166 | 60.166 | 60.166 |
| WayPoint2 |  22.6  |    20.0   |   23.29   |  6.056   | 20.055 |  25.4  | 12.166 |
|           |  25.4  |    12.0   |   11.96   |  3.108   |        |        |        |
|           | 12.166 |   10.961  |   47.55   |  12.364  |        |        |        |
| WayPoint3 |  16.6  |    14.0   |   11.98   |  3.116   | 20.055 | 24.966 |  16.6  |
|           |  18.6  |    12.0   |   11.98   |  3.116   |        |        |        |
|           | 24.966 |   10.961  |   12.04   |  3.132   |        |        |        |
| WayPoint4 | 60.166 |   57.566  |   48.25   |  12.546  | 60.166 | 60.166 | 60.166 |
| WayPoint5 | 60.166 |   57.358  |   69.78   |  18.142  | 60.166 | 60.166 | 60.166 |
| WayPoint6 | 48.201 |   45.001  |    19.9   |  5.173   | 30.083 | 48.201 | 11.965 |
|           | 11.965 |   11.965  |     0     |   0.0    |        |        |        |
| WayPoint7 | 60.166 |   42.965  |   71.32   |  18.542  | 60.166 | 60.166 | 60.166 |
+-----------+--------+-----------+-----------+----------+--------+--------+--------+
Average idleness: 44.408
-----------
Variance idleness: 340.657
-----------
Total visits: 7
