+-----------+--------+-----------+-----------+----------+--------+--------+--------+
| Dest name |  true  | remaining | estimated | path_len |  mean  |  max   |  min   |
+-----------+--------+-----------+-----------+----------+--------+--------+--------+
| WayPoint1 | 57.001 |   53.999  |    32.6   |  8.477   | 30.075 | 57.001 | 3.148  |
|           | 3.148  |   1.949   |   55.79   |  14.505  |        |        |        |
| WayPoint2 |  34.6  |    32.0   |   31.53   |  8.198   | 30.075 |  34.6  | 25.549 |
|           | 25.549 |   23.949  |   28.74   |  7.472   |        |        |        |
| WayPoint3 | 15.601 |   13.001  |   11.98   |  3.116   | 20.05  | 39.599 | 4.949  |
|           | 39.599 |    20.2   |   15.03   |  3.907   |        |        |        |
|           | 4.949  |   1.949   |   40.96   |  10.649  |        |        |        |
| WayPoint4 |  35.0  |   18.999  |   18.68   |  4.857   | 30.075 |  35.0  | 25.149 |
|           | 25.149 |   3.949   |    18.7   |  4.862   |        |        |        |
| WayPoint5 |  57.2  |    54.0   |   51.76   |  13.457  | 30.075 |  57.2  | 2.949  |
|           | 2.949  |   2.949   |     0     |   0.0    |        |        |        |
| WayPoint6 | 60.149 |   57.549  |   69.85   |  18.161  | 60.149 | 60.149 | 60.149 |
| WayPoint7 | 60.149 |   57.549  |   19.79   |  5.146   | 60.149 | 60.149 | 60.149 |
+-----------+--------+-----------+-----------+----------+--------+--------+--------+
Average idleness: 37.235
-----------
Variance idleness: 221.498
-----------
Total visits: 10
