+-----------+--------+-----------+-----------+----------+--------+--------+--------+
| Dest name |  true  | remaining | estimated | path_len |  mean  |  max   |  min   |
+-----------+--------+-----------+-----------+----------+--------+--------+--------+
| WayPoint1 | 60.155 |   57.355  |   53.84   |  13.998  | 60.155 | 60.155 | 60.155 |
| WayPoint2 |  32.2  |    29.0   |   29.47   |  7.662   | 30.078 |  32.2  | 27.955 |
|           | 27.955 |   20.95   |    68.2   |  17.732  |        |        |        |
| WayPoint3 | 60.156 |   57.556  |   71.44   |  18.575  | 60.156 | 60.156 | 60.156 |
| WayPoint4 |  27.6  |    25.0   |   29.48   |  7.664   | 30.078 | 32.556 |  27.6  |
|           | 32.556 |   26.956  |   29.49   |  7.667   |        |        |        |
| WayPoint5 | 60.156 |   40.955  |   69.72   |  18.127  | 60.156 | 60.156 | 60.156 |
| WayPoint6 |  18.6  |    16.0   |   16.38   |  4.258   | 30.078 | 41.556 |  18.6  |
|           | 41.556 |   31.956  |   64.25   |  16.704  |        |        |        |
| WayPoint7 | 38.601 |   36.001  |   19.79   |  5.146   | 30.078 | 38.601 | 21.555 |
|           | 21.555 |   21.555  |     0     |   0.0    |        |        |        |
+-----------+--------+-----------+-----------+----------+--------+--------+--------+
Average idleness: 42.968
-----------
Variance idleness: 221.551
-----------
Total visits: 7
