+-----------+--------+-----------+-----------+----------+--------+--------+--------+
| Dest name |  true  | remaining | estimated | path_len |  mean  |  max   |  min   |
+-----------+--------+-----------+-----------+----------+--------+--------+--------+
| WayPoint1 | 60.252 |   43.051  |   39.24   |  10.202  | 60.252 | 60.252 | 60.252 |
| WayPoint2 | 60.252 |   57.652  |   47.55   |  12.364  | 60.252 | 60.252 | 60.252 |
| WayPoint3 |  16.6  |    14.0   |   11.98   |  3.116   | 30.126 | 43.652 |  16.6  |
|           | 43.652 |   37.051  |   59.64   |  15.507  |        |        |        |
| WayPoint4 | 60.252 |   57.052  |   80.43   |  20.913  | 60.252 | 60.252 | 60.252 |
| WayPoint5 | 55.602 |   53.002  |   51.76   |  13.457  | 30.126 | 55.602 |  4.65  |
|           |  4.65  |    4.65   |     0     |   0.0    |        |        |        |
| WayPoint6 | 22.61  |   19.809  |   16.38   |  4.258   | 30.126 | 37.642 | 22.61  |
|           | 37.642 |   4.052   |    69.9   |  18.175  |        |        |        |
| WayPoint7 | 60.252 |   57.652  |   85.86   |  22.323  | 60.252 | 60.252 | 60.252 |
+-----------+--------+-----------+-----------+----------+--------+--------+--------+
Average idleness: 47.341
-----------
Variance idleness: 222.263
-----------
Total visits: 5
