+------------+--------+-----------+-----------+----------+--------+--------+--------+
| Dest name  |  true  | remaining | estimated | path_len |  mean  |  max   |  min   |
+------------+--------+-----------+-----------+----------+--------+--------+--------+
| WayPoint1  | 60.061 |   60.061  |     0     |   0.0    | 60.061 | 60.061 | 60.061 |
| WayPoint10 | 60.061 |   60.061  |     0     |   0.0    | 60.061 | 60.061 | 60.061 |
| WayPoint11 | 60.061 |   8.461   |   58.28   |  15.153  | 60.061 | 60.061 | 60.061 |
| WayPoint2  |  50.6  |   46.999  |   40.15   |  10.439  | 30.03  |  50.6  | 9.461  |
|            | 9.461  |   9.461   |     0     |   0.0    |        |        |        |
| WayPoint3  | 60.061 |   56.46   |   35.36   |  9.194   | 60.061 | 60.061 | 60.061 |
| WayPoint4  | 60.061 |   60.061  |     0     |   0.0    | 60.061 | 60.061 | 60.061 |
| WayPoint5  | 60.061 |   60.061  |     0     |   0.0    | 60.061 | 60.061 | 60.061 |
| WayPoint6  | 60.061 |   60.061  |     0     |   0.0    | 60.061 | 60.061 | 60.061 |
| WayPoint7  | 60.061 |   60.061  |     0     |   0.0    | 60.061 | 60.061 | 60.061 |
| WayPoint8  | 60.061 |   60.061  |     0     |   0.0    | 60.061 | 60.061 | 60.061 |
| WayPoint9  | 60.061 |   56.261  |   55.67   |  14.475  | 60.061 | 60.061 | 60.061 |
+------------+--------+-----------+-----------+----------+--------+--------+--------+
Average idleness: 57.331
-----------
Variance idleness: 74.534
-----------
Total visits: 1
