+------------+--------+-----------+-----------+----------+--------+--------+--------+
| Dest name  |  true  | remaining | estimated | path_len |  mean  |  max   |  min   |
+------------+--------+-----------+-----------+----------+--------+--------+--------+
| WayPoint1  | 60.294 |   60.294  |     0     |   0.0    | 60.294 | 60.294 | 60.294 |
| WayPoint10 | 60.295 |   60.295  |     0     |   0.0    | 60.295 | 60.295 | 60.295 |
| WayPoint11 | 60.295 |   60.295  |     0     |   0.0    | 60.295 | 60.295 | 60.295 |
| WayPoint2  | 60.295 |   60.295  |     0     |   0.0    | 60.295 | 60.295 | 60.295 |
| WayPoint3  | 60.295 |   60.295  |     0     |   0.0    | 60.295 | 60.295 | 60.295 |
| WayPoint4  | 60.295 |   57.895  |   41.09   |  10.684  | 60.295 | 60.295 | 60.295 |
| WayPoint5  | 60.295 |   57.895  |   33.78   |  8.783   | 60.295 | 60.295 | 60.295 |
| WayPoint6  | 60.295 |   60.295  |     0     |   0.0    | 60.295 | 60.295 | 60.295 |
| WayPoint7  | 60.295 |   60.295  |     0     |   0.0    | 60.295 | 60.295 | 60.295 |
| WayPoint8  | 60.295 |   57.495  |   27.75   |  7.214   | 60.295 | 60.295 | 60.295 |
| WayPoint9  | 60.295 |   60.295  |     0     |   0.0    | 60.295 | 60.295 | 60.295 |
+------------+--------+-----------+-----------+----------+--------+--------+--------+
Average idleness: 60.295
-----------
Variance idleness: 0.0
-----------
Total visits: 0
