+------------+--------+-----------+-----------+----------+--------+--------+--------+
| Dest name  |  true  | remaining | estimated | path_len |  mean  |  max   |  min   |
+------------+--------+-----------+-----------+----------+--------+--------+--------+
| WayPoint1  | 60.217 |   60.217  |     0     |   0.0    | 60.217 | 60.217 | 60.217 |
| WayPoint10 | 60.219 |   57.819  |   43.43   |  11.292  | 60.219 | 60.219 | 60.219 |
| WayPoint11 | 60.219 |   24.419  |   35.59   |  9.253   | 60.219 | 60.219 | 60.219 |
| WayPoint2  | 60.219 |   60.219  |     0     |   0.0    | 60.219 | 60.219 | 60.219 |
| WayPoint3  |  59.0  |    14.0   |   11.61   |  3.019   | 30.11  |  59.0  | 1.219  |
|            | 1.219  |   1.219   |     0     |   0.0    |        |        |        |
| WayPoint4  | 35.401 |   33.001  |   29.13   |  7.573   | 30.11  | 35.401 | 24.818 |
|            | 24.818 |   24.818  |     0     |   0.0    |        |        |        |
| WayPoint5  | 60.219 |   60.219  |     0     |   0.0    | 60.219 | 60.219 | 60.219 |
| WayPoint6  | 60.219 |   0.219   |   27.12   |   7.05   | 60.219 | 60.219 | 60.219 |
| WayPoint7  |  44.0  |    17.0   |   16.12   |  4.192   | 30.11  |  44.0  | 16.219 |
|            | 16.219 |   16.219  |     0     |   0.0    |        |        |        |
| WayPoint8  |  26.0  |    23.0   |    14.6   |  3.797   | 30.11  | 34.219 |  26.0  |
|            | 34.219 |   34.219  |     0     |   0.0    |        |        |        |
| WayPoint9  | 60.219 |   60.219  |     0     |   0.0    | 60.219 | 60.219 | 60.219 |
+------------+--------+-----------+-----------+----------+--------+--------+--------+
Average idleness: 49.27
-----------
Variance idleness: 209.777
-----------
Total visits: 4
