+------------+--------+-----------+-----------+----------+--------+--------+--------+
| Dest name  |  true  | remaining | estimated | path_len |  mean  |  max   |  min   |
+------------+--------+-----------+-----------+----------+--------+--------+--------+
| WayPoint1  | 60.347 |   60.347  |     0     |   0.0    | 60.347 | 60.347 | 60.347 |
| WayPoint10 | 60.347 |   60.347  |     0     |   0.0    | 60.347 | 60.347 | 60.347 |
| WayPoint11 |  57.6  |   54.999  |   43.59   |  11.334  | 30.174 |  57.6  | 2.747  |
|            | 2.747  |   2.747   |     0     |   0.0    |        |        |        |
| WayPoint2  | 60.347 |   2.346   |   42.88   |  11.148  | 60.347 | 60.347 | 60.347 |
| WayPoint3  | 60.347 |   60.347  |     0     |   0.0    | 60.347 | 60.347 | 60.347 |
| WayPoint4  |  57.0  |    54.0   |   35.29   |  9.176   | 30.174 |  57.0  | 3.347  |
|            | 3.347  |   3.347   |     0     |   0.0    |        |        |        |
| WayPoint5  | 60.347 |   57.147  |   52.14   |  13.557  | 60.347 | 60.347 | 60.347 |
| WayPoint6  | 60.347 |   60.347  |     0     |   0.0    | 60.347 | 60.347 | 60.347 |
| WayPoint7  | 60.347 |   2.346   |   29.75   |  7.736   | 60.347 | 60.347 | 60.347 |
| WayPoint8  | 60.347 |   60.347  |     0     |   0.0    | 60.347 | 60.347 | 60.347 |
| WayPoint9  | 60.347 |   60.347  |     0     |   0.0    | 60.347 | 60.347 | 60.347 |
+------------+--------+-----------+-----------+----------+--------+--------+--------+
Average idleness: 54.861
-----------
Variance idleness: 135.433
-----------
Total visits: 2
