+------------+--------+-----------+-----------+----------+--------+--------+--------+
| Dest name  |  true  | remaining | estimated | path_len |  mean  |  max   |  min   |
+------------+--------+-----------+-----------+----------+--------+--------+--------+
| WayPoint1  | 60.363 |   57.763  |   32.92   |  8.558   | 60.363 | 60.363 | 60.363 |
| WayPoint10 | 60.363 |   60.363  |     0     |   0.0    | 60.363 | 60.363 | 60.363 |
| WayPoint11 | 60.363 |   60.363  |     0     |   0.0    | 60.363 | 60.363 | 60.363 |
| WayPoint2  | 60.363 |   57.763  |   57.82   |  15.033  | 60.363 | 60.363 | 60.363 |
| WayPoint3  | 60.363 |   60.363  |     0     |   0.0    | 60.363 | 60.363 | 60.363 |
| WayPoint4  | 60.363 |   60.363  |     0     |   0.0    | 60.363 | 60.363 | 60.363 |
| WayPoint5  | 60.363 |   60.363  |     0     |   0.0    | 60.363 | 60.363 | 60.363 |
| WayPoint6  | 60.363 |   2.763   |   15.75   |  4.094   | 60.363 | 60.363 | 60.363 |
| WayPoint7  |  56.6  |    18.0   |   16.12   |  4.192   | 30.181 |  56.6  | 3.763  |
|            | 3.763  |   3.763   |     0     |   0.0    |        |        |        |
| WayPoint8  |  37.6  |    35.0   |   27.75   |  7.214   | 30.181 |  37.6  | 22.763 |
|            | 22.763 |   22.763  |     0     |   0.0    |        |        |        |
| WayPoint9  | 60.363 |   60.363  |     0     |   0.0    | 60.363 | 60.363 | 60.363 |
+------------+--------+-----------+-----------+----------+--------+--------+--------+
Average idleness: 54.875
-----------
Variance idleness: 135.514
-----------
Total visits: 2
