+------------+--------+-----------+-----------+----------+--------+--------+--------+
| Dest name  |  true  | remaining | estimated | path_len |  mean  |  max   |  min   |
+------------+--------+-----------+-----------+----------+--------+--------+--------+
| WayPoint1  | 60.703 |   60.703  |     0     |   0.0    | 60.703 | 60.703 | 60.703 |
| WayPoint10 | 60.703 |   60.703  |     0     |   0.0    | 60.703 | 60.703 | 60.703 |
| WayPoint11 | 60.703 |   60.703  |     0     |   0.0    | 60.703 | 60.703 | 60.703 |
| WayPoint2  | 60.703 |   60.703  |     0     |   0.0    | 60.703 | 60.703 | 60.703 |
| WayPoint3  | 60.703 |   60.703  |     0     |   0.0    | 60.703 | 60.703 | 60.703 |
| WayPoint4  |  60.2  |    57.0   |   35.29   |  9.176   | 30.352 |  60.2  | 0.503  |
|            | 0.503  |   0.503   |     0     |   0.0    |        |        |        |
| WayPoint5  |  53.2  |    50.0   |   39.92   |  10.38   | 30.352 |  53.2  | 7.503  |
|            | 7.503  |   7.503   |     0     |   0.0    |        |        |        |
| WayPoint6  | 60.703 |   57.503  |   41.55   |  10.804  | 60.703 | 60.703 | 60.703 |
| WayPoint7  | 60.703 |   60.703  |     0     |   0.0    | 60.703 | 60.703 | 60.703 |
| WayPoint8  | 60.703 |   60.703  |     0     |   0.0    | 60.703 | 60.703 | 60.703 |
| WayPoint9  | 60.703 |   6.503   |   52.22   |  13.578  | 60.703 | 60.703 | 60.703 |
+------------+--------+-----------+-----------+----------+--------+--------+--------+
Average idleness: 55.185
-----------
Variance idleness: 137.036
-----------
Total visits: 1
