+------------+--------+-----------+-----------+----------+--------+--------+--------+
| Dest name  |  true  | remaining | estimated | path_len |  mean  |  max   |  min   |
+------------+--------+-----------+-----------+----------+--------+--------+--------+
| WayPoint1  | 60.287 |   60.287  |     0     |   0.0    | 60.287 | 60.287 | 60.287 |
| WayPoint10 | 60.288 |   57.688  |   43.43   |  11.292  | 60.288 | 60.288 | 60.288 |
| WayPoint11 | 60.288 |   60.288  |     0     |   0.0    | 60.288 | 60.288 | 60.288 |
| WayPoint2  | 60.288 |   57.688  |   27.26   |  7.089   | 60.288 | 60.288 | 60.288 |
| WayPoint3  | 60.288 |   25.288  |   26.28   |  6.832   | 60.288 | 60.288 | 60.288 |
| WayPoint4  | 60.288 |   60.288  |     0     |   0.0    | 60.288 | 60.288 | 60.288 |
| WayPoint5  | 60.288 |   60.288  |     0     |   0.0    | 60.288 | 60.288 | 60.288 |
| WayPoint6  |  34.4  |   31.999  |   29.33   |  7.626   | 30.144 |  34.4  | 25.888 |
|            | 25.888 |   25.888  |     0     |   0.0    |        |        |        |
| WayPoint7  | 60.288 |   60.288  |     0     |   0.0    | 60.288 | 60.288 | 60.288 |
| WayPoint8  | 60.288 |   60.288  |     0     |   0.0    | 60.288 | 60.288 | 60.288 |
| WayPoint9  | 60.288 |   60.288  |     0     |   0.0    | 60.288 | 60.288 | 60.288 |
+------------+--------+-----------+-----------+----------+--------+--------+--------+
Average idleness: 57.548
-----------
Variance idleness: 75.095
-----------
Total visits: 1
