+------------+--------+-----------+-----------+----------+--------+--------+--------+
| Dest name  |  true  | remaining | estimated | path_len |  mean  |  max   |  min   |
+------------+--------+-----------+-----------+----------+--------+--------+--------+
| WayPoint1  | 60.376 |   60.376  |     0     |   0.0    | 60.376 | 60.376 | 60.376 |
| WayPoint10 | 60.376 |   57.374  |   43.43   |  11.292  | 60.376 | 60.376 | 60.376 |
| WayPoint11 | 60.376 |   60.376  |     0     |   0.0    | 60.376 | 60.376 | 60.376 |
| WayPoint2  | 60.376 |   60.376  |     0     |   0.0    | 60.376 | 60.376 | 60.376 |
| WayPoint3  | 60.376 |   60.376  |     0     |   0.0    | 60.376 | 60.376 | 60.376 |
| WayPoint4  | 60.377 |   60.377  |     0     |   0.0    | 60.377 | 60.377 | 60.377 |
| WayPoint5  | 60.377 |   57.977  |   39.92   |  10.38   | 60.377 | 60.377 | 60.377 |
| WayPoint6  | 60.377 |   60.377  |     0     |   0.0    | 60.377 | 60.377 | 60.377 |
| WayPoint7  | 60.377 |   57.777  |   26.46   |  6.879   | 60.377 | 60.377 | 60.377 |
| WayPoint8  | 60.377 |   60.377  |     0     |   0.0    | 60.377 | 60.377 | 60.377 |
| WayPoint9  | 60.377 |   60.377  |     0     |   0.0    | 60.377 | 60.377 | 60.377 |
+------------+--------+-----------+-----------+----------+--------+--------+--------+
Average idleness: 60.377
-----------
Variance idleness: 0.0
-----------
Total visits: 0
