+------------+--------+-----------+-----------+----------+--------+--------+--------+
| Dest name  |  true  | remaining | estimated | path_len |  mean  |  max   |  min   |
+------------+--------+-----------+-----------+----------+--------+--------+--------+
| WayPoint1  | 60.255 |   57.654  |   64.27   |  16.709  | 60.255 | 60.255 | 60.255 |
| WayPoint10 | 60.255 |   60.255  |     0     |   0.0    | 60.255 | 60.255 | 60.255 |
| WayPoint11 | 60.255 |   60.255  |     0     |   0.0    | 60.255 | 60.255 | 60.255 |
| WayPoint2  | 60.255 |   26.255  |   37.13   |  9.653   | 60.255 | 60.255 | 60.255 |
| WayPoint3  |  33.0  |   29.999  |   25.97   |  6.752   | 30.127 |  33.0  | 27.255 |
|            | 27.255 |   27.255  |     0     |   0.0    |        |        |        |
| WayPoint4  | 60.255 |   60.255  |     0     |   0.0    | 60.255 | 60.255 | 60.255 |
| WayPoint5  | 60.256 |   60.256  |     0     |   0.0    | 60.256 | 60.256 | 60.256 |
| WayPoint6  | 60.256 |   60.256  |     0     |   0.0    | 60.256 | 60.256 | 60.256 |
| WayPoint7  | 60.256 |   57.655  |   26.46   |  6.879   | 60.256 | 60.256 | 60.256 |
| WayPoint8  | 60.256 |   60.256  |     0     |   0.0    | 60.256 | 60.256 | 60.256 |
| WayPoint9  | 60.256 |   60.256  |     0     |   0.0    | 60.256 | 60.256 | 60.256 |
+------------+--------+-----------+-----------+----------+--------+--------+--------+
Average idleness: 57.517
-----------
Variance idleness: 75.019
-----------
Total visits: 1
