+------------+--------+-----------+-----------+----------+--------+--------+--------+
| Dest name  |  true  | remaining | estimated | path_len |  mean  |  max   |  min   |
+------------+--------+-----------+-----------+----------+--------+--------+--------+
| WayPoint1  | 60.277 |   60.277  |     0     |   0.0    | 60.277 | 60.277 | 60.277 |
| WayPoint10 | 60.277 |   60.277  |     0     |   0.0    | 60.277 | 60.277 | 60.277 |
| WayPoint11 | 60.278 |   60.278  |     0     |   0.0    | 60.278 | 60.278 | 60.278 |
| WayPoint2  | 60.278 |   23.278  |   42.94   |  11.163  | 60.278 | 60.278 | 60.278 |
| WayPoint3  | 60.278 |   60.278  |     0     |   0.0    | 60.278 | 60.278 | 60.278 |
| WayPoint4  |  36.0  |    33.0   |   29.13   |  7.573   | 30.139 |  36.0  | 24.278 |
|            | 24.278 |   24.278  |     0     |   0.0    |        |        |        |
| WayPoint5  | 60.278 |   57.278  |   52.14   |  13.557  | 60.278 | 60.278 | 60.278 |
| WayPoint6  | 60.278 |   60.278  |     0     |   0.0    | 60.278 | 60.278 | 60.278 |
| WayPoint7  | 60.278 |   60.278  |     0     |   0.0    | 60.278 | 60.278 | 60.278 |
| WayPoint8  | 60.278 |   57.678  |   45.45   |  11.816  | 60.278 | 60.278 | 60.278 |
| WayPoint9  | 60.278 |   60.278  |     0     |   0.0    | 60.278 | 60.278 | 60.278 |
+------------+--------+-----------+-----------+----------+--------+--------+--------+
Average idleness: 57.538
-----------
Variance idleness: 75.07
-----------
Total visits: 1
