+------------+--------+-----------+-----------+----------+--------+--------+--------+
| Dest name  |  true  | remaining | estimated | path_len |  mean  |  max   |  min   |
+------------+--------+-----------+-----------+----------+--------+--------+--------+
| WayPoint1  | 60.288 |   27.487  |   44.17   |  11.485  | 60.288 | 60.288 | 60.288 |
| WayPoint10 | 60.288 |   60.288  |     0     |   0.0    | 60.288 | 60.288 | 60.288 |
| WayPoint11 | 60.288 |   19.487  |   34.02   |  8.844   | 60.288 | 60.288 | 60.288 |
| WayPoint2  | 60.288 |   60.288  |     0     |   0.0    | 60.288 | 60.288 | 60.288 |
| WayPoint3  | 31.807 |   29.007  |   25.97   |  6.752   | 30.144 | 31.807 | 28.481 |
|            | 28.481 |   28.481  |     0     |   0.0    |        |        |        |
| WayPoint4  | 60.288 |   60.288  |     0     |   0.0    | 60.288 | 60.288 | 60.288 |
| WayPoint5  | 40.403 |    38.0   |   33.78   |  8.783   | 30.144 | 40.403 | 19.885 |
|            | 19.885 |   19.885  |     0     |   0.0    |        |        |        |
| WayPoint6  | 60.288 |   60.288  |     0     |   0.0    | 60.288 | 60.288 | 60.288 |
| WayPoint7  | 60.288 |   60.288  |     0     |   0.0    | 60.288 | 60.288 | 60.288 |
| WayPoint8  | 60.288 |   57.686  |    14.6   |  3.797   | 60.288 | 60.288 | 60.288 |
| WayPoint9  | 60.288 |   60.288  |     0     |   0.0    | 60.288 | 60.288 | 60.288 |
+------------+--------+-----------+-----------+----------+--------+--------+--------+
Average idleness: 54.807
-----------
Variance idleness: 135.173
-----------
Total visits: 2
