+------------+--------+-----------+-----------+----------+--------+--------+--------+
| Dest name  |  true  | remaining | estimated | path_len |  mean  |  max   |  min   |
+------------+--------+-----------+-----------+----------+--------+--------+--------+
| WayPoint1  | 60.262 |   60.262  |     0     |   0.0    | 60.262 | 60.262 | 60.262 |
| WayPoint10 | 60.262 |   57.862  |   38.08   |  9.902   | 60.262 | 60.262 | 60.262 |
| WayPoint11 | 60.262 |   60.262  |     0     |   0.0    | 60.262 | 60.262 | 60.262 |
| WayPoint2  | 60.262 |   56.262  |   57.82   |  15.033  | 60.262 | 60.262 | 60.262 |
| WayPoint3  | 60.262 |   60.262  |     0     |   0.0    | 60.262 | 60.262 | 60.262 |
| WayPoint4  | 60.262 |   60.262  |     0     |   0.0    | 60.262 | 60.262 | 60.262 |
| WayPoint5  |  54.4  |    52.0   |   39.92   |  10.38   | 30.131 |  54.4  | 5.862  |
|            | 5.862  |   5.862   |     0     |   0.0    |        |        |        |
| WayPoint6  | 60.262 |   60.262  |     0     |   0.0    | 60.262 | 60.262 | 60.262 |
| WayPoint7  | 60.262 |   60.262  |     0     |   0.0    | 60.262 | 60.262 | 60.262 |
| WayPoint8  | 60.262 |   5.262   |   42.03   |  10.928  | 60.262 | 60.262 | 60.262 |
| WayPoint9  | 60.262 |   60.262  |     0     |   0.0    | 60.262 | 60.262 | 60.262 |
+------------+--------+-----------+-----------+----------+--------+--------+--------+
Average idleness: 57.523
-----------
Variance idleness: 75.031
-----------
Total visits: 1
