+------------+--------+-----------+-----------+----------+--------+--------+--------+
| Dest name  |  true  | remaining | estimated | path_len |  mean  |  max   |  min   |
+------------+--------+-----------+-----------+----------+--------+--------+--------+
| WayPoint1  | 60.216 |   57.816  |   32.92   |  8.558   | 60.216 | 60.216 | 60.216 |
| WayPoint10 | 60.216 |   60.216  |     0     |   0.0    | 60.216 | 60.216 | 60.216 |
| WayPoint11 | 60.216 |   60.216  |     0     |   0.0    | 60.216 | 60.216 | 60.216 |
| WayPoint2  | 60.216 |   60.216  |     0     |   0.0    | 60.216 | 60.216 | 60.216 |
| WayPoint3  | 60.216 |   23.415  |   26.24   |  6.823   | 60.216 | 60.216 | 60.216 |
| WayPoint4  | 60.216 |   60.216  |     0     |   0.0    | 60.216 | 60.216 | 60.216 |
| WayPoint5  | 60.216 |   60.216  |     0     |   0.0    | 60.216 | 60.216 | 60.216 |
| WayPoint6  |  35.8  |    33.0   |   29.33   |  7.626   | 30.108 |  35.8  | 24.416 |
|            | 24.416 |   24.416  |     0     |   0.0    |        |        |        |
| WayPoint7  | 60.216 |   60.216  |     0     |   0.0    | 60.216 | 60.216 | 60.216 |
| WayPoint8  | 60.216 |   60.216  |     0     |   0.0    | 60.216 | 60.216 | 60.216 |
| WayPoint9  | 60.216 |   57.215  |   55.67   |  14.475  | 60.216 | 60.216 | 60.216 |
+------------+--------+-----------+-----------+----------+--------+--------+--------+
Average idleness: 57.479
-----------
Variance idleness: 74.917
-----------
Total visits: 1
