+------------+--------+-----------+-----------+----------+--------+--------+--------+
| Dest name  |  true  | remaining | estimated | path_len |  mean  |  max   |  min   |
+------------+--------+-----------+-----------+----------+--------+--------+--------+
| WayPoint1  | 21.001 |   18.001  |   20.84   |  5.418   | 30.143 | 39.285 | 21.001 |
|            | 39.285 |   5.286   |   12.64   |  3.287   |        |        |        |
| WayPoint10 | 60.286 |   57.486  |   38.76   |  10.079  | 60.286 | 60.286 | 60.286 |
| WayPoint2  |  38.0  |    16.0   |    16.0   |   4.16   | 30.143 |  38.0  | 22.286 |
|            | 22.286 |   0.286   |   48.57   |  12.627  |        |        |        |
| WayPoint3  |  54.0  |   32.999  |    27.7   |  7.201   | 30.143 |  54.0  | 6.286  |
|            | 6.286  |   6.286   |     0     |   0.0    |        |        |        |
| WayPoint4  | 60.286 |   38.486  |   32.58   |  8.471   | 60.286 | 60.286 | 60.286 |
| WayPoint5  | 60.286 |   60.286  |     0     |   0.0    | 60.286 | 60.286 | 60.286 |
| WayPoint6  | 60.286 |   21.286  |    38.7   |  10.063  | 60.286 | 60.286 | 60.286 |
| WayPoint7  |  20.6  |   17.999  |   16.19   |  4.209   | 30.143 | 39.686 |  20.6  |
|            | 39.686 |   39.686  |     0     |   0.0    |        |        |        |
| WayPoint8  |  20.8  |    18.0   |   20.53   |  5.339   | 30.143 | 39.486 |  20.8  |
|            | 39.486 |   39.486  |     0     |   0.0    |        |        |        |
| WayPoint9  |  59.6  |    57.2   |   38.52   |  10.015  | 30.143 |  59.6  | 0.686  |
|            | 0.686  |   0.686   |     0     |   0.0    |        |        |        |
+------------+--------+-----------+-----------+----------+--------+--------+--------+
Average idleness: 42.2
-----------
Variance idleness: 218.064
-----------
Total visits: 8
