+------------+--------+-----------+-----------+----------+--------+--------+--------+
| Dest name  |  true  | remaining | estimated | path_len |  mean  |  max   |  min   |
+------------+--------+-----------+-----------+----------+--------+--------+--------+
| WayPoint1  |  37.6  |    35.0   |   33.53   |  8.719   | 20.075 |  37.6  | 5.425  |
|            |  17.2  |    15.0   |    16.0   |  4.161   |        |        |        |
|            | 5.425  |   5.425   |     0     |   0.0    |        |        |        |
| WayPoint10 | 60.225 |   22.021  |   33.64   |  8.747   | 60.225 | 60.225 | 60.225 |
| WayPoint2  |  38.8  |    35.0   |   36.28   |  9.432   | 30.112 |  38.8  | 21.425 |
|            | 21.425 |   21.425  |     0     |   0.0    |        |        |        |
| WayPoint3  | 60.225 |   56.223  |   12.63   |  3.283   | 60.225 | 60.225 | 60.225 |
| WayPoint4  | 60.225 |   4.423   |   20.67   |  5.374   | 60.225 | 60.225 | 60.225 |
| WayPoint5  | 60.225 |   57.625  |   57.29   |  14.896  | 60.225 | 60.225 | 60.225 |
| WayPoint6  | 60.225 |   18.425  |    18.0   |   4.68   | 60.225 | 60.225 | 60.225 |
| WayPoint7  |  9.8   |    6.0    |   10.54   |  2.741   | 30.112 | 50.425 |  9.8   |
|            | 50.425 |   50.425  |     0     |   0.0    |        |        |        |
| WayPoint8  | 60.225 |   60.225  |     0     |   0.0    | 60.225 | 60.225 | 60.225 |
| WayPoint9  |  40.8  |    30.0   |   19.38   |  5.038   | 30.112 |  40.8  | 19.425 |
|            | 19.425 |   19.425  |     0     |   0.0    |        |        |        |
+------------+--------+-----------+-----------+----------+--------+--------+--------+
Average idleness: 47.176
-----------
Variance idleness: 262.966
-----------
Total visits: 5
