+------------+--------+-----------+-----------+----------+--------+--------+--------+
| Dest name  |  true  | remaining | estimated | path_len |  mean  |  max   |  min   |
+------------+--------+-----------+-----------+----------+--------+--------+--------+
| WayPoint1  |  56.8  |    17.0   |   16.02   |  4.165   | 30.147 |  56.8  | 3.494  |
|            | 3.494  |   3.494   |     0     |   0.0    |        |        |        |
| WayPoint10 | 60.294 |   5.494   |   40.62   |  10.562  | 60.294 | 60.294 | 60.294 |
| WayPoint2  |  38.8  |   34.999  |   36.28   |  9.432   | 30.147 |  38.8  | 21.494 |
|            | 21.494 |   2.492   |   16.01   |  4.163   |        |        |        |
| WayPoint3  |  17.8  |   13.999  |   12.63   |  3.283   | 30.147 | 42.494 |  17.8  |
|            | 42.494 |   42.494  |     0     |   0.0    |        |        |        |
| WayPoint4  |  53.8  |    35.0   |   28.26   |  7.348   | 30.147 |  53.8  | 6.494  |
|            | 6.494  |   6.494   |     0     |   0.0    |        |        |        |
| WayPoint5  | 60.294 |   56.094  |   55.75   |  14.496  | 60.294 | 60.294 | 60.294 |
| WayPoint6  | 60.294 |   60.294  |     0     |   0.0    | 60.294 | 60.294 | 60.294 |
| WayPoint7  | 60.294 |   56.493  |   19.44   |  5.054   | 60.294 | 60.294 | 60.294 |
| WayPoint8  | 60.294 |   38.294  |   28.52   |  7.416   | 60.294 | 60.294 | 60.294 |
| WayPoint9  |  21.0  |    17.0   |   18.22   |  4.738   | 30.147 | 39.294 |  21.0  |
|            | 39.294 |   39.294  |     0     |   0.0    |        |        |        |
+------------+--------+-----------+-----------+----------+--------+--------+--------+
Average idleness: 45.221
-----------
Variance idleness: 227.21
-----------
Total visits: 6
