+------------+--------+-----------+-----------+----------+--------+--------+--------+
| Dest name  |  true  | remaining | estimated | path_len |  mean  |  max   |  min   |
+------------+--------+-----------+-----------+----------+--------+--------+--------+
| WayPoint1  | 60.248 |   10.447  |   25.54   |  6.639   | 60.248 | 60.248 | 60.248 |
| WayPoint10 | 30.002 |   26.002  |   30.49   |  7.929   | 30.124 | 30.247 | 30.002 |
|            | 30.247 |   30.247  |     0     |   0.0    |        |        |        |
| WayPoint2  | 60.249 |   57.647  |   45.81   |  11.911  | 60.249 | 60.249 | 60.249 |
| WayPoint3  | 60.249 |   57.647  |   46.58   |  12.112  | 60.249 | 60.249 | 60.249 |
| WayPoint4  | 60.249 |   60.249  |     0     |   0.0    | 60.249 | 60.249 | 60.249 |
| WayPoint5  | 23.001 |   19.001  |   15.56   |  4.047   | 30.124 | 37.248 | 23.001 |
|            | 37.248 |   37.248  |     0     |   0.0    |        |        |        |
| WayPoint6  | 60.249 |   36.237  |   48.21   |  12.535  | 60.249 | 60.249 | 60.249 |
| WayPoint7  |  20.8  |   17.999  |   16.19   |  4.209   | 30.124 | 39.449 |  20.8  |
|            | 39.449 |   39.449  |     0     |   0.0    |        |        |        |
| WayPoint8  |  48.8  |    27.0   |   11.41   |  2.967   | 30.124 |  48.8  | 11.449 |
|            | 11.449 |   11.449  |     0     |   0.0    |        |        |        |
| WayPoint9  | 60.249 |   29.249  |   38.67   |  10.055  | 60.249 | 60.249 | 60.249 |
+------------+--------+-----------+-----------+----------+--------+--------+--------+
Average idleness: 48.199
-----------
Variance idleness: 217.801
-----------
Total visits: 4
