+------------+--------+-----------+-----------+----------+--------+--------+--------+
| Dest name  |  true  | remaining | estimated | path_len |  mean  |  max   |  min   |
+------------+--------+-----------+-----------+----------+--------+--------+--------+
| WayPoint1  | 60.209 |   60.209  |     0     |   0.0    | 60.209 | 60.209 | 60.209 |
| WayPoint10 |  59.6  |    57.0   |   40.73   |  10.589  | 30.105 |  59.6  | 0.609  |
|            | 0.609  |   0.609   |     0     |   0.0    |        |        |        |
| WayPoint2  |  56.8  |    54.0   |   45.81   |  11.911  | 30.104 |  56.8  | 3.409  |
|            | 3.409  |   3.409   |     0     |   0.0    |        |        |        |
| WayPoint3  | 60.209 |   58.009  |   12.63   |  3.283   | 60.209 | 60.209 | 60.209 |
| WayPoint4  | 60.209 |   3.005   |    36.2   |  9.413   | 60.209 | 60.209 | 60.209 |
| WayPoint5  | 60.209 |   57.409  |   48.11   |  12.509  | 60.209 | 60.209 | 60.209 |
| WayPoint6  |  16.6  |    14.0   |   18.27   |   4.75   | 30.105 | 43.609 |  16.6  |
|            | 43.609 |   43.609  |     0     |   0.0    |        |        |        |
| WayPoint7  | 60.209 |   43.009  |   10.54   |  2.741   | 60.209 | 60.209 | 60.209 |
| WayPoint8  | 60.209 |   60.209  |     0     |   0.0    | 60.209 | 60.209 | 60.209 |
| WayPoint9  | 60.209 |   0.209   |   38.41   |  9.987   | 60.209 | 60.209 | 60.209 |
+------------+--------+-----------+-----------+----------+--------+--------+--------+
Average idleness: 51.178
-----------
Variance idleness: 190.317
-----------
Total visits: 3
