+------------+--------+-----------+-----------+----------+--------+--------+--------+
| Dest name  |  true  | remaining | estimated | path_len |  mean  |  max   |  min   |
+------------+--------+-----------+-----------+----------+--------+--------+--------+
| WayPoint1  |  21.0  |    18.0   |   20.84   |  5.418   | 30.154 | 39.308 |  21.0  |
|            | 39.308 |   21.307  |   16.02   |  4.164   |        |        |        |
| WayPoint10 | 60.309 |   57.709  |   38.69   |  10.059  | 60.309 | 60.309 | 60.309 |
| WayPoint2  |  38.0  |    16.0   |    16.0   |   4.16   | 30.154 |  38.0  | 22.309 |
|            | 22.309 |   22.309  |     0     |   0.0    |        |        |        |
| WayPoint3  | 60.309 |   60.309  |     0     |   0.0    | 60.309 | 60.309 | 60.309 |
| WayPoint4  | 60.309 |   38.508  |   22.27   |  5.789   | 60.309 | 60.309 | 60.309 |
| WayPoint5  | 60.309 |   57.709  |   55.75   |  14.496  | 60.309 | 60.309 | 60.309 |
| WayPoint6  | 60.309 |   60.309  |     0     |   0.0    | 60.309 | 60.309 | 60.309 |
| WayPoint7  | 20.801 |   18.001  |   16.19   |  4.209   | 30.154 | 39.508 | 20.801 |
|            | 39.508 |   39.508  |     0     |   0.0    |        |        |        |
| WayPoint8  | 60.309 |   60.309  |     0     |   0.0    | 60.309 | 60.309 | 60.309 |
| WayPoint9  | 60.309 |   57.509  |   18.22   |  4.738   | 60.309 | 60.309 | 60.309 |
+------------+--------+-----------+-----------+----------+--------+--------+--------+
Average idleness: 51.262
-----------
Variance idleness: 190.958
-----------
Total visits: 4
