+------------+--------+-----------+-----------+----------+--------+--------+--------+
| Dest name  |  true  | remaining | estimated | path_len |  mean  |  max   |  min   |
+------------+--------+-----------+-----------+----------+--------+--------+--------+
| WayPoint1  |  20.8  |   17.999  |   20.84   |  5.418   | 30.09  | 39.379 |  20.8  |
|            | 39.379 |   9.179   |    35.2   |  9.153   |        |        |        |
| WayPoint10 | 60.179 |   9.379   |   30.49   |  7.929   | 60.179 | 60.179 | 60.179 |
| WayPoint2  | 60.179 |   60.179  |     0     |   0.0    | 60.179 | 60.179 | 60.179 |
| WayPoint3  | 16.802 |   14.001  |   12.63   |  3.283   | 30.09  | 43.377 | 16.802 |
|            | 43.377 |   43.377  |     0     |   0.0    |        |        |        |
| WayPoint4  | 60.179 |   57.378  |   32.84   |  8.538   | 60.179 | 60.179 | 60.179 |
| WayPoint5  | 60.179 |   60.179  |     0     |   0.0    | 60.179 | 60.179 | 60.179 |
| WayPoint6  |  49.8  |    28.0   |   27.39   |   7.12   | 30.089 |  49.8  | 10.379 |
|            | 10.379 |   10.379  |     0     |   0.0    |        |        |        |
| WayPoint7  | 60.179 |   57.777  |   19.44   |  5.054   | 60.179 | 60.179 | 60.179 |
| WayPoint8  | 60.179 |   42.379  |    37.0   |   9.62   | 60.179 | 60.179 | 60.179 |
| WayPoint9  |  50.4  |   47.998  |   38.52   |  10.015  | 30.09  |  50.4  | 9.779  |
|            | 9.779  |   9.779   |     0     |   0.0    |        |        |        |
+------------+--------+-----------+-----------+----------+--------+--------+--------+
Average idleness: 48.143
-----------
Variance idleness: 217.287
-----------
Total visits: 5
