+------------+--------+-----------+-----------+----------+--------+--------+--------+
| Dest name  |  true  | remaining | estimated | path_len |  mean  |  max   |  min   |
+------------+--------+-----------+-----------+----------+--------+--------+--------+
| WayPoint1  | 60.179 |   57.379  |   32.92   |  8.558   | 60.179 | 60.179 | 60.179 |
| WayPoint10 | 60.179 |   60.179  |     0     |   0.0    | 60.179 | 60.179 | 60.179 |
| WayPoint11 | 60.179 |   38.379  |   30.05   |  7.812   | 60.179 | 60.179 | 60.179 |
| WayPoint2  | 60.179 |   32.375  |   43.69   |  11.36   | 60.179 | 60.179 | 60.179 |
| WayPoint3  | 60.179 |   60.179  |     0     |   0.0    | 60.179 | 60.179 | 60.179 |
| WayPoint4  |  48.6  |   45.997  |   43.13   |  11.214  | 30.09  |  48.6  | 11.579 |
|            | 11.579 |   11.579  |     0     |   0.0    |        |        |        |
| WayPoint5  | 60.179 |   11.179  |   32.12   |  8.352   | 60.179 | 60.179 | 60.179 |
| WayPoint6  |  26.8  |    24.0   |   21.79   |  5.667   | 30.09  | 33.379 |  26.8  |
|            | 33.379 |   33.379  |     0     |   0.0    |        |        |        |
| WayPoint7  |  20.8  |    18.0   |   15.13   |  3.933   | 30.09  | 39.379 |  20.8  |
|            | 39.379 |   39.379  |     0     |   0.0    |        |        |        |
| WayPoint8  | 60.179 |   57.379  |   41.72   |  10.848  | 60.179 | 60.179 | 60.179 |
| WayPoint9  | 60.179 |   57.379  |   35.56   |  9.247   | 60.179 | 60.179 | 60.179 |
+------------+--------+-----------+-----------+----------+--------+--------+--------+
Average idleness: 51.973
-----------
Variance idleness: 179.573
-----------
Total visits: 3
