+------------+--------+-----------+-----------+----------+--------+--------+--------+
| Dest name  |  true  | remaining | estimated | path_len |  mean  |  max   |  min   |
+------------+--------+-----------+-----------+----------+--------+--------+--------+
| WayPoint1  | 60.244 |   29.044  |    0.0    |   0.0    | 60.244 | 60.244 | 60.244 |
| WayPoint10 | 60.244 |   60.244  |     0     |   0.0    | 60.244 | 60.244 | 60.244 |
| WayPoint11 | 60.244 |   42.044  |   45.67   |  11.875  | 60.244 | 60.244 | 60.244 |
| WayPoint2  |  38.8  |   35.399  |   27.26   |  7.089   | 30.122 |  38.8  | 21.444 |
|            | 21.444 |   21.444  |     0     |   0.0    |        |        |        |
| WayPoint3  |  31.4  |   28.995  |   25.97   |  6.752   | 30.122 |  31.4  | 28.844 |
|            | 28.844 |   20.441  |   37.23   |  9.679   |        |        |        |
| WayPoint4  | 30.201 |   26.001  |   25.48   |  6.624   | 30.122 | 30.201 | 30.043 |
|            | 30.043 |   28.244  |   25.22   |  6.558   |        |        |        |
| WayPoint5  | 60.244 |   60.244  |     0     |   0.0    | 60.244 | 60.244 | 60.244 |
| WayPoint6  |  16.0  |    12.0   |   16.46   |  4.278   | 30.122 | 44.244 |  16.0  |
|            | 44.244 |   44.244  |     0     |   0.0    |        |        |        |
| WayPoint7  | 60.244 |   56.244  |   29.76   |  7.737   | 60.244 | 60.244 | 60.244 |
| WayPoint8  | 17.204 |   13.004  |   13.24   |  3.442   | 30.122 | 43.04  | 17.204 |
|            | 43.04  |   43.04   |     0     |   0.0    |        |        |        |
| WayPoint9  | 60.244 |   43.244  |   41.56   |  10.806  | 60.244 | 60.244 | 60.244 |
+------------+--------+-----------+-----------+----------+--------+--------+--------+
Average idleness: 46.552
-----------
Variance idleness: 224.959
-----------
Total visits: 7
