+------------+--------+-----------+-----------+----------+--------+--------+--------+
| Dest name  |  true  | remaining | estimated | path_len |  mean  |  max   |  min   |
+------------+--------+-----------+-----------+----------+--------+--------+--------+
| WayPoint1  | 60.341 |   8.141   |   46.65   |  12.128  | 60.341 | 60.341 | 60.341 |
| WayPoint10 |  51.2  |   15.999  |   14.97   |  3.893   | 30.171 |  51.2  | 9.141  |
|            | 9.141  |   9.141   |     0     |   0.0    |        |        |        |
| WayPoint11 | 52.802 |   50.002  |   40.75   |  10.596  | 30.171 | 52.802 | 7.539  |
|            | 7.539  |   7.539   |     0     |   0.0    |        |        |        |
| WayPoint2  | 60.341 |   60.341  |     0     |   0.0    | 60.341 | 60.341 | 60.341 |
| WayPoint3  | 32.205 |   29.005  |   25.97   |  6.752   | 30.17  | 32.205 | 28.136 |
|            | 28.136 |   28.136  |     0     |   0.0    |        |        |        |
| WayPoint4  | 60.341 |   27.14   |   25.35   |  6.592   | 60.341 | 60.341 | 60.341 |
| WayPoint5  | 60.341 |   57.541  |   52.14   |  13.557  | 60.341 | 60.341 | 60.341 |
| WayPoint6  | 60.341 |   57.74   |   21.79   |  5.667   | 60.341 | 60.341 | 60.341 |
| WayPoint7  | 34.801 |   32.001  |   28.71   |  7.464   | 30.171 | 34.801 | 25.54  |
|            | 25.54  |   25.54   |     0     |   0.0    |        |        |        |
| WayPoint8  | 60.341 |   57.141  |   41.73   |  10.851  | 60.341 | 60.341 | 60.341 |
| WayPoint9  | 60.341 |   7.141   |   56.32   |  14.644  | 60.341 | 60.341 | 60.341 |
+------------+--------+-----------+-----------+----------+--------+--------+--------+
Average idleness: 49.37
-----------
Variance idleness: 210.635
-----------
Total visits: 4
