+------------+--------+-----------+-----------+----------+--------+--------+--------+
| Dest name  |  true  | remaining | estimated | path_len |  mean  |  max   |  min   |
+------------+--------+-----------+-----------+----------+--------+--------+--------+
| WayPoint1  | 60.256 |   10.456  |    44.0   |  11.44   | 60.256 | 60.256 | 60.256 |
| WayPoint10 | 60.256 |   57.656  |   43.43   |  11.292  | 60.256 | 60.256 | 60.256 |
| WayPoint11 | 60.256 |   60.256  |     0     |   0.0    | 60.256 | 60.256 | 60.256 |
| WayPoint2  | 60.256 |   57.456  |   54.11   |  14.069  | 60.256 | 60.256 | 60.256 |
| WayPoint3  |  49.4  |    47.0   |   37.36   |  9.714   | 30.128 |  49.4  | 10.856 |
|            | 10.856 |   9.256   |   11.59   |  3.013   |        |        |        |
| WayPoint4  | 60.256 |   57.856  |   41.09   |  10.684  | 60.256 | 60.256 | 60.256 |
| WayPoint5  | 60.256 |   60.256  |     0     |   0.0    | 60.256 | 60.256 | 60.256 |
| WayPoint6  | 60.256 |   60.256  |     0     |   0.0    | 60.256 | 60.256 | 60.256 |
| WayPoint7  | 50.001 |   17.001  |    16.6   |  4.316   | 30.128 | 50.001 | 10.255 |
|            | 10.255 |   10.255  |     0     |   0.0    |        |        |        |
| WayPoint8  |  32.0  |    29.0   |   25.13   |  6.534   | 30.128 |  32.0  | 28.256 |
|            | 28.256 |   28.256  |     0     |   0.0    |        |        |        |
| WayPoint9  | 60.256 |   57.656  |   37.99   |  9.876   | 60.256 | 60.256 | 60.256 |
+------------+--------+-----------+-----------+----------+--------+--------+--------+
Average idleness: 52.039
-----------
Variance idleness: 180.039
-----------
Total visits: 4
