+------------+--------+-----------+-----------+----------+--------+--------+--------+
| Dest name  |  true  | remaining | estimated | path_len |  mean  |  max   |  min   |
+------------+--------+-----------+-----------+----------+--------+--------+--------+
| WayPoint1  | 60.289 |   56.287  |   46.61   |  12.12   | 60.289 | 60.289 | 60.289 |
| WayPoint10 | 60.289 |   60.289  |     0     |   0.0    | 60.289 | 60.289 | 60.289 |
| WayPoint11 | 60.289 |   60.289  |     0     |   0.0    | 60.289 | 60.289 | 60.289 |
| WayPoint2  | 60.289 |   57.488  |   54.07   |  14.057  | 60.289 | 60.289 | 60.289 |
| WayPoint3  | 60.289 |   56.088  |   37.38   |  9.719   | 60.289 | 60.289 | 60.289 |
| WayPoint4  | 60.289 |   60.289  |     0     |   0.0    | 60.289 | 60.289 | 60.289 |
| WayPoint5  | 60.29  |   57.489  |   52.14   |  13.557  | 60.29  | 60.29  | 60.29  |
| WayPoint6  | 60.29  |   57.69   |   21.79   |  5.667   | 60.29  | 60.29  | 60.29  |
| WayPoint7  |  14.0  |   9.998   |   11.62   |  3.022   | 30.145 | 46.29  |  14.0  |
|            | 46.29  |   46.29   |     0     |   0.0    |        |        |        |
| WayPoint8  | 60.29  |   60.29   |     0     |   0.0    | 60.29  | 60.29  | 60.29  |
| WayPoint9  | 60.29  |   45.29   |   26.58   |  6.911   | 60.29  | 60.29  | 60.29  |
+------------+--------+-----------+-----------+----------+--------+--------+--------+
Average idleness: 57.549
-----------
Variance idleness: 75.098
-----------
Total visits: 1
