+------------+--------+-----------+-----------+--------+--------+--------+
| Dest name  |  true  | remaining | estimated |  mean  |  max   |  min   |
+------------+--------+-----------+-----------+--------+--------+--------+
| WayPoint1  | 60.209 |   29.809  |   33.01   | 60.209 | 60.209 | 60.209 |
| WayPoint10 |  29.4  |    27.0   |   30.49   | 30.105 | 30.809 |  29.4  |
|            | 30.809 |   24.808  |    26.8   |        |        |        |
| WayPoint2  | 60.209 |   25.208  |   28.67   | 60.209 | 60.209 | 60.209 |
| WayPoint3  |  50.8  |   47.999  |   28.32   | 30.104 |  50.8  | 9.409  |
|            | 9.409  |   9.409   |     0     |        |        |        |
| WayPoint4  | 60.209 |   57.009  |   41.91   | 60.209 | 60.209 | 60.209 |
| WayPoint5  | 60.209 |   57.009  |   47.74   | 60.209 | 60.209 | 60.209 |
| WayPoint6  | 60.209 |   57.009  |    48.3   | 60.209 | 60.209 | 60.209 |
| WayPoint7  | 34.002 |   31.002  |   28.55   | 30.105 | 34.002 | 26.207 |
|            | 26.207 |   8.809   |   27.95   |        |        |        |
| WayPoint8  |  34.8  |    32.4   |    26.0   | 30.104 |  34.8  | 25.409 |
|            | 25.409 |   25.409  |     0     |        |        |        |
| WayPoint9  | 60.209 |   57.408  |   35.02   | 60.209 | 60.209 | 60.209 |
+------------+--------+-----------+-----------+--------+--------+--------+
Average idleness: 48.167
-----------
Variance idleness: 217.507
-----------
Total visits: 6
