+------------+--------+-----------+-----------+--------+--------+--------+
| Dest name  |  true  | remaining | estimated |  mean  |  max   |  min   |
+------------+--------+-----------+-----------+--------+--------+--------+
| WayPoint1  | 60.29  |   57.29   |   35.28   | 60.29  | 60.29  | 60.29  |
| WayPoint10 | 60.292 |   12.691  |   38.72   | 60.292 | 60.292 | 60.292 |
| WayPoint2  | 60.292 |   25.092  |   28.65   | 60.292 | 60.292 | 60.292 |
| WayPoint3  | 60.292 |   57.692  |   28.32   | 60.292 | 60.292 | 60.292 |
| WayPoint4  |  57.2  |    54.4   |   32.86   | 30.146 |  57.2  | 3.092  |
|            | 3.092  |   3.092   |     0     |        |        |        |
| WayPoint5  | 60.292 |   57.092  |   47.74   | 60.292 | 60.292 | 60.292 |
| WayPoint6  | 60.292 |   57.292  |    48.3   | 60.292 | 60.292 | 60.292 |
| WayPoint7  |  34.2  |    31.0   |   28.55   | 20.097 |  34.2  | 9.692  |
|            |  16.4  |    11.0   |   11.42   |        |        |        |
|            | 9.692  |   2.088   |    23.0   |        |        |        |
| WayPoint8  | 38.601 |   36.001  |    26.0   | 30.146 | 38.601 | 21.692 |
|            | 21.692 |   8.693   |   11.43   |        |        |        |
| WayPoint9  |  47.0  |    44.4   |   35.02   | 30.146 |  47.0  | 13.293 |
|            | 13.293 |   13.293  |     0     |        |        |        |
+------------+--------+-----------+-----------+--------+--------+--------+
Average idleness: 47.229
-----------
Variance idleness: 263.543
-----------
Total visits: 7
