+------------+--------+-----------+-----------+--------+--------+--------+
| Dest name  |  true  | remaining | estimated |  mean  |  max   |  min   |
+------------+--------+-----------+-----------+--------+--------+--------+
| WayPoint1  | 60.162 |   13.962  |   17.27   | 60.162 | 60.162 | 60.162 |
| WayPoint10 | 60.162 |   57.562  |   33.64   | 60.162 | 60.162 | 60.162 |
| WayPoint2  | 45.801 |   43.001  |   38.47   | 30.081 | 45.801 | 14.361 |
|            | 14.361 |   14.361  |     0     |        |        |        |
| WayPoint3  | 33.601 |   31.001  |   28.32   | 30.081 | 33.601 | 26.561 |
|            | 26.561 |   26.561  |     0     |        |        |        |
| WayPoint4  | 60.162 |   57.362  |   40.48   | 60.162 | 60.162 | 60.162 |
| WayPoint5  | 60.162 |   56.762  |   47.74   | 60.162 | 60.162 | 60.162 |
| WayPoint6  | 60.163 |   25.563  |   37.51   | 60.163 | 60.163 | 60.163 |
| WayPoint7  | 60.163 |   56.763  |   19.44   | 60.163 | 60.163 | 60.163 |
| WayPoint8  | 60.163 |   57.563  |   47.87   | 60.163 | 60.163 | 60.163 |
| WayPoint9  | 60.163 |   57.363  |   47.37   | 60.163 | 60.163 | 60.163 |
+------------+--------+-----------+-----------+--------+--------+--------+
Average idleness: 54.146
-----------
Variance idleness: 144.783
-----------
Total visits: 2
