+------------+--------+-----------+-----------+----------+--------+--------+--------+
| Dest name  |  true  | remaining | estimated | path_len |  mean  |  max   |  min   |
+------------+--------+-----------+-----------+----------+--------+--------+--------+
| WayPoint1  | 60.265 |   60.265  |     0     |   0.0    | 60.265 | 60.265 | 60.265 |
| WayPoint10 | 44.002 |   40.002  |   33.64   |  8.747   | 30.133 | 44.002 | 16.263 |
|            | 16.263 |   16.263  |     0     |   0.0    |        |        |        |
| WayPoint2  | 60.265 |   60.265  |     0     |   0.0    | 60.265 | 60.265 | 60.265 |
| WayPoint3  | 60.265 |   60.265  |     0     |   0.0    | 60.265 | 60.265 | 60.265 |
| WayPoint4  | 60.265 |   15.265  |   39.77   |  10.341  | 60.265 | 60.265 | 60.265 |
| WayPoint5  | 60.265 |   56.864  |   55.75   |  14.496  | 60.265 | 60.265 | 60.265 |
| WayPoint6  | 60.265 |   56.864  |   33.08   |  8.601   | 60.265 | 60.265 | 60.265 |
| WayPoint7  | 60.265 |   58.065  |   19.44   |  5.054   | 60.265 | 60.265 | 60.265 |
| WayPoint8  | 60.265 |   60.265  |     0     |   0.0    | 60.265 | 60.265 | 60.265 |
| WayPoint9  | 60.265 |   60.265  |     0     |   0.0    | 60.265 | 60.265 | 60.265 |
+------------+--------+-----------+-----------+----------+--------+--------+--------+
Average idleness: 57.252
-----------
Variance idleness: 81.714
-----------
Total visits: 1
