+------------+--------+-----------+-----------+----------+-------+--------+--------+
| Dest name  |  true  | remaining | estimated | path_len |  mean |  max   |  min   |
+------------+--------+-----------+-----------+----------+-------+--------+--------+
| WayPoint1  | 39.201 |   17.001  |   16.38   |  4.258   | 30.15 | 39.201 | 21.099 |
|            | 21.099 |    0.3    |   35.16   |  9.143   |       |        |        |
| WayPoint10 |  60.3  |    57.7   |   40.73   |  10.589  |  60.3 |  60.3  |  60.3  |
| WayPoint2  |  60.3  |    6.1    |    23.7   |  6.163   |  60.3 |  60.3  |  60.3  |
| WayPoint3  | 53.202 |   13.001  |   12.63   |  3.283   | 30.15 | 53.202 | 7.098  |
|            | 7.098  |   7.098   |     0     |   0.0    |       |        |        |
| WayPoint4  |  60.3  |    60.3   |     0     |   0.0    |  60.3 |  60.3  |  60.3  |
| WayPoint5  |  60.3  |    60.3   |     0     |   0.0    |  60.3 |  60.3  |  60.3  |
| WayPoint6  |  39.0  |    36.0   |   30.54   |  7.941   | 30.15 |  39.0  |  21.3  |
|            |  21.3  |    21.3   |     0     |   0.0    |       |        |        |
| WayPoint7  |  21.8  |    19.0   |   16.19   |  4.209   | 30.15 |  38.5  |  21.8  |
|            |  38.5  |    38.5   |     0     |   0.0    |       |        |        |
| WayPoint8  |  60.3  |    57.5   |   28.72   |  7.466   |  60.3 |  60.3  |  60.3  |
| WayPoint9  |  59.0  |    19.0   |   18.03   |  4.689   | 30.15 |  59.0  |  1.3   |
|            |  1.3   |    1.3    |     0     |   0.0    |       |        |        |
+------------+--------+-----------+-----------+----------+-------+--------+--------+
Average idleness: 45.225
-----------
Variance idleness: 227.256
-----------
Total visits: 6
