+------------+--------+-----------+-----------+----------+--------+--------+--------+
| Dest name  |  true  | remaining | estimated | path_len |  mean  |  max   |  min   |
+------------+--------+-----------+-----------+----------+--------+--------+--------+
| WayPoint1  | 60.273 |   60.273  |     0     |   0.0    | 60.273 | 60.273 | 60.273 |
| WayPoint10 | 60.273 |   60.273  |     0     |   0.0    | 60.273 | 60.273 | 60.273 |
| WayPoint2  | 60.273 |   33.473  |    36.2   |  9.411   | 60.273 | 60.273 | 60.273 |
| WayPoint3  |  38.6  |    36.0   |   28.32   |  7.364   | 30.137 |  38.6  | 21.673 |
|            | 21.673 |   21.673  |     0     |   0.0    |        |        |        |
| WayPoint4  | 25.801 |    23.6   |   20.67   |  5.374   | 30.136 | 34.472 | 25.801 |
|            | 34.472 |   34.472  |     0     |   0.0    |        |        |        |
| WayPoint5  | 60.273 |   27.473  |   48.14   |  12.516  | 60.273 | 60.273 | 60.273 |
| WayPoint6  |  31.8  |    11.0   |   10.54   |  2.741   | 30.136 |  31.8  | 28.473 |
|            | 28.473 |   28.473  |     0     |   0.0    |        |        |        |
| WayPoint7  |  19.8  |   16.999  |   20.54   |  5.341   | 30.136 | 40.473 |  19.8  |
|            | 40.473 |   40.473  |     0     |   0.0    |        |        |        |
| WayPoint8  | 60.273 |   57.273  |    28.8   |  7.489   | 60.273 | 60.273 | 60.273 |
| WayPoint9  | 60.273 |   20.673  |   46.33   |  12.046  | 60.273 | 60.273 | 60.273 |
+------------+--------+-----------+-----------+----------+--------+--------+--------+
Average idleness: 48.218
-----------
Variance idleness: 217.974
-----------
Total visits: 4
