+------------+--------+-----------+-----------+----------+--------+--------+--------+
| Dest name  |  true  | remaining | estimated | path_len |  mean  |  max   |  min   |
+------------+--------+-----------+-----------+----------+--------+--------+--------+
| WayPoint1  | 60.333 |   0.333   |   20.73   |  5.391   | 60.333 | 60.333 | 60.333 |
| WayPoint10 | 60.333 |   23.533  |   45.04   |  11.711  | 60.333 | 60.333 | 60.333 |
| WayPoint2  | 60.333 |   60.333  |     0     |   0.0    | 60.333 | 60.333 | 60.333 |
| WayPoint3  |  35.8  |    33.0   |   28.32   |  7.364   | 30.166 |  35.8  | 24.533 |
|            | 24.533 |   24.533  |     0     |   0.0    |        |        |        |
| WayPoint4  |  59.0  |   15.999  |   15.58   |  4.052   | 30.166 |  59.0  | 1.333  |
|            | 1.333  |   1.333   |     0     |   0.0    |        |        |        |
| WayPoint5  | 42.001 |   39.001  |   35.95   |  9.346   | 30.166 | 42.001 | 18.332 |
|            | 18.332 |   18.332  |     0     |   0.0    |        |        |        |
| WayPoint6  |  30.4  |    28.0   |   30.54   |  7.941   | 30.166 |  30.4  | 29.933 |
|            | 29.933 |   29.933  |     0     |   0.0    |        |        |        |
| WayPoint7  | 60.333 |   10.533  |   19.07   |  4.958   | 60.333 | 60.333 | 60.333 |
| WayPoint8  | 60.333 |   57.533  |   28.71   |  7.465   | 60.333 | 60.333 | 60.333 |
| WayPoint9  |  48.8  |    18.0   |   18.03   |  4.689   | 30.166 |  48.8  | 11.533 |
|            | 11.533 |   11.533  |     0     |   0.0    |        |        |        |
+------------+--------+-----------+-----------+----------+--------+--------+--------+
Average idleness: 45.249
-----------
Variance idleness: 227.512
-----------
Total visits: 5
