+------------+--------+-----------+-----------+----------+--------+--------+--------+
| Dest name  |  true  | remaining | estimated | path_len |  mean  |  max   |  min   |
+------------+--------+-----------+-----------+----------+--------+--------+--------+
| WayPoint1  | 60.263 |   26.262  |   25.52   |  6.634   | 60.263 | 60.263 | 60.263 |
| WayPoint10 | 60.263 |   60.263  |     0     |   0.0    | 60.263 | 60.263 | 60.263 |
| WayPoint2  | 60.264 |   57.264  |   45.81   |  11.911  | 60.264 | 60.264 | 60.264 |
| WayPoint3  | 60.264 |   60.264  |     0     |   0.0    | 60.264 | 60.264 | 60.264 |
| WayPoint4  | 60.264 |   60.264  |     0     |   0.0    | 60.264 | 60.264 | 60.264 |
| WayPoint5  | 60.264 |   43.464  |   48.14   |  12.516  | 60.264 | 60.264 | 60.264 |
| WayPoint6  |  16.4  |    14.0   |   18.38   |  4.779   | 30.132 | 43.864 |  16.4  |
|            | 43.864 |   43.864  |     0     |   0.0    |        |        |        |
| WayPoint7  | 60.264 |   60.264  |     0     |   0.0    | 60.264 | 60.264 | 60.264 |
| WayPoint8  |  33.0  |    30.0   |   25.65   |  6.669   | 30.132 |  33.0  | 27.264 |
|            | 27.264 |   27.264  |     0     |   0.0    |        |        |        |
| WayPoint9  | 60.265 |   60.265  |     0     |   0.0    | 60.265 | 60.265 | 60.265 |
+------------+--------+-----------+-----------+----------+--------+--------+--------+
Average idleness: 54.237
-----------
Variance idleness: 145.269
-----------
Total visits: 2
