+------------+--------+-----------+-----------+----------+--------+--------+--------+
| Dest name  |  true  | remaining | estimated | path_len |  mean  |  max   |  min   |
+------------+--------+-----------+-----------+----------+--------+--------+--------+
| WayPoint1  | 60.375 |   60.375  |     0     |   0.0    | 60.375 | 60.375 | 60.375 |
| WayPoint10 | 60.375 |   60.375  |     0     |   0.0    | 60.375 | 60.375 | 60.375 |
| WayPoint2  | 60.375 |   60.375  |     0     |   0.0    | 60.375 | 60.375 | 60.375 |
| WayPoint3  | 60.375 |   34.772  |   28.25   |  7.344   | 60.375 | 60.375 | 60.375 |
| WayPoint4  |  24.6  |    22.0   |   20.67   |  5.374   | 30.188 | 35.775 |  24.6  |
|            | 35.775 |   35.775  |     0     |   0.0    |        |        |        |
| WayPoint5  | 60.375 |   57.775  |   57.29   |  14.896  | 60.375 | 60.375 | 60.375 |
| WayPoint6  | 60.375 |   60.375  |     0     |   0.0    | 60.375 | 60.375 | 60.375 |
| WayPoint7  |  19.6  |    17.0   |   20.54   |  5.341   | 30.188 | 40.775 |  19.6  |
|            | 40.775 |   40.775  |     0     |   0.0    |        |        |        |
| WayPoint8  |  32.6  |   11.997  |    11.4   |  2.965   | 30.188 |  32.6  | 27.775 |
|            | 27.775 |   27.775  |     0     |   0.0    |        |        |        |
| WayPoint9  | 60.375 |   26.775  |   29.02   |  7.545   | 60.375 | 60.375 | 60.375 |
+------------+--------+-----------+-----------+----------+--------+--------+--------+
Average idleness: 51.319
-----------
Variance idleness: 191.364
-----------
Total visits: 3
