+------------+--------+-----------+-----------+----------+--------+--------+--------+
| Dest name  |  true  | remaining | estimated | path_len |  mean  |  max   |  min   |
+------------+--------+-----------+-----------+----------+--------+--------+--------+
| WayPoint1  | 60.676 |   6.076   |   16.02   |  4.165   | 60.676 | 60.676 | 60.676 |
| WayPoint10 | 60.676 |   10.075  |   38.39   |  9.982   | 60.676 | 60.676 | 60.676 |
| WayPoint2  |  54.0  |    51.0   |   45.81   |  11.911  | 30.339 |  54.0  | 6.678  |
|            | 6.678  |   6.678   |     0     |   0.0    |        |        |        |
| WayPoint3  | 60.678 |   57.478  |   46.59   |  12.112  | 60.678 | 60.678 | 60.678 |
| WayPoint4  | 60.678 |   60.678  |     0     |   0.0    | 60.678 | 60.678 | 60.678 |
| WayPoint5  | 60.678 |   60.678  |     0     |   0.0    | 60.678 | 60.678 | 60.678 |
| WayPoint6  | 60.678 |   60.678  |     0     |   0.0    | 60.678 | 60.678 | 60.678 |
| WayPoint7  |  20.0  |    17.0   |   16.19   |  4.209   | 30.339 | 40.678 |  20.0  |
|            | 40.678 |   40.678  |     0     |   0.0    |        |        |        |
| WayPoint8  | 60.678 |   60.678  |     0     |   0.0    | 60.678 | 60.678 | 60.678 |
| WayPoint9  |  49.6  |    29.0   |   19.27   |   5.01   | 30.339 |  49.6  | 11.078 |
|            | 11.078 |   11.078  |     0     |   0.0    |        |        |        |
+------------+--------+-----------+-----------+----------+--------+--------+--------+
Average idleness: 51.576
-----------
Variance idleness: 193.288
-----------
Total visits: 3
