+------------+--------+-----------+-----------+----------+--------+--------+--------+
| Dest name  |  true  | remaining | estimated | path_len |  mean  |  max   |  min   |
+------------+--------+-----------+-----------+----------+--------+--------+--------+
| WayPoint1  | 60.227 |   43.227  |   26.14   |  6.798   | 60.227 | 60.227 | 60.227 |
| WayPoint10 | 60.227 |   60.227  |     0     |   0.0    | 60.227 | 60.227 | 60.227 |
| WayPoint2  | 60.227 |   60.227  |     0     |   0.0    | 60.227 | 60.227 | 60.227 |
| WayPoint3  | 60.227 |   18.227  |   36.95   |  9.606   | 60.227 | 60.227 | 60.227 |
| WayPoint4  | 60.227 |   60.227  |     0     |   0.0    | 60.227 | 60.227 | 60.227 |
| WayPoint5  | 60.227 |   60.227  |     0     |   0.0    | 60.227 | 60.227 | 60.227 |
| WayPoint6  |  16.4  |    14.0   |   18.38   |  4.779   | 30.113 | 43.827 |  16.4  |
|            | 43.827 |   43.827  |     0     |   0.0    |        |        |        |
| WayPoint7  | 60.227 |   60.227  |     0     |   0.0    | 60.227 | 60.227 | 60.227 |
| WayPoint8  |  41.0  |    38.0   |   25.65   |  6.669   | 30.114 |  41.0  | 19.227 |
|            | 19.227 |   19.227  |     0     |   0.0    |        |        |        |
| WayPoint9  | 60.227 |   57.827  |   38.52   |  10.015  | 60.227 | 60.227 | 60.227 |
+------------+--------+-----------+-----------+----------+--------+--------+--------+
Average idleness: 54.204
-----------
Variance idleness: 145.092
-----------
Total visits: 2
