+------------+--------+-----------+-----------+----------+--------+--------+--------+
| Dest name  |  true  | remaining | estimated | path_len |  mean  |  max   |  min   |
+------------+--------+-----------+-----------+----------+--------+--------+--------+
| WayPoint1  |  43.6  |   25.999  |   26.14   |  6.798   | 30.172 |  43.6  | 16.744 |
|            | 16.744 |   16.744  |     0     |   0.0    |        |        |        |
| WayPoint10 | 60.344 |   27.343  |   25.99   |  6.756   | 60.344 | 60.344 | 60.344 |
| WayPoint2  | 60.344 |   15.744  |    16.0   |   4.16   | 60.344 | 60.344 | 60.344 |
| WayPoint3  | 60.344 |   17.739  |   43.46   |  11.301  | 60.344 | 60.344 | 60.344 |
| WayPoint4  | 60.344 |   60.344  |     0     |   0.0    | 60.344 | 60.344 | 60.344 |
| WayPoint5  | 41.605 |   39.005  |   35.95   |  9.346   | 30.172 | 41.605 | 18.739 |
|            | 18.739 |   18.739  |     0     |   0.0    |        |        |        |
| WayPoint6  | 16.601 |   14.001  |   18.38   |  4.779   | 30.172 | 43.743 | 16.601 |
|            | 43.743 |   43.743  |     0     |   0.0    |        |        |        |
| WayPoint7  | 60.344 |   60.344  |     0     |   0.0    | 60.344 | 60.344 | 60.344 |
| WayPoint8  |  32.6  |    30.0   |    26.0   |  6.761   | 30.172 |  32.6  | 27.744 |
|            | 27.744 |   27.744  |     0     |   0.0    |        |        |        |
| WayPoint9  | 60.345 |   60.345  |     0     |   0.0    | 60.345 | 60.345 | 60.345 |
+------------+--------+-----------+-----------+----------+--------+--------+--------+
Average idleness: 48.275
-----------
Variance idleness: 218.486
-----------
Total visits: 4
