+------------+--------+-----------+-----------+----------+--------+--------+--------+
| Dest name  |  true  | remaining | estimated | path_len |  mean  |  max   |  min   |
+------------+--------+-----------+-----------+----------+--------+--------+--------+
| WayPoint1  | 60.254 |   57.454  |   64.27   |  16.709  | 60.254 | 60.254 | 60.254 |
| WayPoint10 | 60.254 |   57.454  |   38.08   |  9.902   | 60.254 | 60.254 | 60.254 |
| WayPoint11 | 60.254 |   15.454  |   39.44   |  10.253  | 60.254 | 60.254 | 60.254 |
| WayPoint2  | 52.802 |   14.002  |   13.32   |  3.464   | 30.127 | 52.802 | 7.452  |
|            | 7.452  |   7.452   |     0     |   0.0    |        |        |        |
| WayPoint3  | 43.802 |   41.002  |   36.63   |  9.525   | 30.127 | 43.802 | 16.452 |
|            | 16.452 |   16.452  |     0     |   0.0    |        |        |        |
| WayPoint4  | 60.255 |   13.454  |    41.8   |  10.868  | 60.255 | 60.255 | 60.255 |
| WayPoint5  | 60.255 |   6.455   |   54.52   |  14.176  | 60.255 | 60.255 | 60.255 |
| WayPoint6  | 60.255 |   60.255  |     0     |   0.0    | 60.255 | 60.255 | 60.255 |
| WayPoint7  | 18.803 |   16.003  |   15.13   |  3.933   | 30.127 | 41.452 | 18.803 |
|            | 41.452 |   41.452  |     0     |   0.0    |        |        |        |
| WayPoint8  |  37.8  |    18.0   |   16.83   |  4.375   | 30.127 |  37.8  | 22.455 |
|            | 22.455 |   22.455  |     0     |   0.0    |        |        |        |
| WayPoint9  |  45.8  |    43.0   |   35.57   |  9.248   | 30.127 |  45.8  | 14.455 |
|            | 14.455 |   14.455  |     0     |   0.0    |        |        |        |
+------------+--------+-----------+-----------+----------+--------+--------+--------+
Average idleness: 46.56
-----------
Variance idleness: 225.041
-----------
Total visits: 5
