+------------+--------+-----------+-----------+----------+--------+--------+--------+
| Dest name  |  true  | remaining | estimated | path_len |  mean  |  max   |  min   |
+------------+--------+-----------+-----------+----------+--------+--------+--------+
| WayPoint1  | 60.306 |   60.306  |   49.93   |  12.982  | 60.306 | 60.306 | 60.306 |
| WayPoint10 | 60.306 |   57.305  |   26.16   |  6.802   | 60.306 | 60.306 | 60.306 |
| WayPoint11 | 60.306 |   57.305  |   43.59   |  11.334  | 60.306 | 60.306 | 60.306 |
| WayPoint2  | 60.306 |   57.506  |   27.26   |  7.089   | 60.306 | 60.306 | 60.306 |
| WayPoint3  | 60.306 |   1.102   |   26.29   |  6.835   | 60.306 | 60.306 | 60.306 |
| WayPoint4  |  59.4  |   24.999  |   15.45   |  4.017   | 30.153 |  59.4  | 0.906  |
|            | 0.906  |   0.906   |     0     |   0.0    |        |        |        |
| WayPoint5  | 60.306 |   60.306  |     0     |   0.0    | 60.306 | 60.306 | 60.306 |
| WayPoint6  |  58.8  |    56.0   |   50.33   |  13.086  | 30.153 |  58.8  | 1.506  |
|            | 1.506  |   1.506   |     0     |   0.0    |        |        |        |
| WayPoint7  | 34.002 |   31.001  |   28.73   |   7.47   | 30.153 | 34.002 | 26.304 |
|            | 26.304 |   26.304  |     0     |   0.0    |        |        |        |
| WayPoint8  | 60.306 |   57.305  |   45.45   |  11.816  | 60.306 | 60.306 | 60.306 |
| WayPoint9  | 60.306 |   57.506  |   51.92   |  13.499  | 60.306 | 60.306 | 60.306 |
+------------+--------+-----------+-----------+----------+--------+--------+--------+
Average idleness: 52.082
-----------
Variance idleness: 180.338
-----------
Total visits: 3
