+------------+--------+-----------+-----------+----------+--------+--------+--------+
| Dest name  |  true  | remaining | estimated | path_len |  mean  |  max   |  min   |
+------------+--------+-----------+-----------+----------+--------+--------+--------+
| WayPoint1  | 60.288 |   56.088  |   44.13   |  11.473  | 60.288 | 60.288 | 60.288 |
| WayPoint10 | 60.288 |   60.288  |     0     |   0.0    | 60.288 | 60.288 | 60.288 |
| WayPoint11 | 60.288 |   12.087  |   30.02   |  7.804   | 60.288 | 60.288 | 60.288 |
| WayPoint2  | 60.288 |   56.688  |   54.11   |  14.068  | 60.288 | 60.288 | 60.288 |
| WayPoint3  | 60.288 |   57.688  |   35.36   |  9.194   | 60.288 | 60.288 | 60.288 |
| WayPoint4  | 50.202 |   46.002  |   43.15   |  11.22   | 30.144 | 50.202 | 10.086 |
|            | 10.086 |   10.086  |     0     |   0.0    |        |        |        |
| WayPoint5  | 60.288 |   56.088  |    60.9   |  15.835  | 60.288 | 60.288 | 60.288 |
| WayPoint6  | 29.207 |   25.007  |   21.79   |  5.667   | 30.144 | 31.081 | 29.207 |
|            | 31.081 |   9.088   |    0.0    |   0.0    |        |        |        |
| WayPoint7  |  47.2  |    17.0   |   16.15   |  4.198   | 30.144 |  47.2  | 13.088 |
|            | 13.088 |   13.088  |     0     |   0.0    |        |        |        |
| WayPoint8  | 60.288 |   60.288  |     0     |   0.0    | 60.288 | 60.288 | 60.288 |
| WayPoint9  | 60.288 |   56.688  |   37.99   |  9.876   | 60.288 | 60.288 | 60.288 |
+------------+--------+-----------+-----------+----------+--------+--------+--------+
Average idleness: 52.067
-----------
Variance idleness: 180.23
-----------
Total visits: 4
