+------------+--------+-----------+-----------+----------+--------+--------+--------+
| Dest name  |  true  | remaining | estimated | path_len |  mean  |  max   |  min   |
+------------+--------+-----------+-----------+----------+--------+--------+--------+
| WayPoint1  | 60.279 |   57.677  |   60.59   |  15.753  | 60.279 | 60.279 | 60.279 |
| WayPoint10 | 60.279 |   57.478  |   43.43   |  11.292  | 60.279 | 60.279 | 60.279 |
| WayPoint11 | 60.279 |   60.279  |     0     |   0.0    | 60.279 | 60.279 | 60.279 |
| WayPoint2  |  44.0  |   40.997  |   37.19   |   9.67   | 30.139 |  44.0  | 16.279 |
|            | 16.279 |   5.879   |   28.58   |  7.432   |        |        |        |
| WayPoint3  | 60.279 |   57.677  |   35.36   |  9.194   | 60.279 | 60.279 | 60.279 |
| WayPoint4  |  56.0  |   52.997  |   43.12   |  11.211  | 30.139 |  56.0  | 4.279  |
|            | 4.279  |   0.679   |   33.61   |  8.739   |        |        |        |
| WayPoint5  | 60.279 |   57.478  |    60.9   |  15.835  | 60.279 | 60.279 | 60.279 |
| WayPoint6  |  37.0  |   33.997  |   29.33   |  7.626   | 30.139 |  37.0  | 23.279 |
|            | 23.279 |   3.876   |   21.32   |  5.543   |        |        |        |
| WayPoint7  | 53.401 |   15.995  |   16.99   |  4.417   | 30.14  | 53.401 | 6.878  |
|            | 6.878  |   6.878   |     0     |   0.0    |        |        |        |
| WayPoint8  |  58.6  |   13.598  |   13.13   |  3.414   | 30.14  |  58.6  | 1.679  |
|            | 1.679  |   1.679   |     0     |   0.0    |        |        |        |
| WayPoint9  | 60.286 |   60.286  |     0     |   0.0    | 60.286 | 60.286 | 60.286 |
+------------+--------+-----------+-----------+----------+--------+--------+--------+
Average idleness: 46.58
-----------
Variance idleness: 225.239
-----------
Total visits: 8
