+------------+--------+-----------+-----------+----------+--------+--------+--------+
| Dest name  |  true  | remaining | estimated | path_len |  mean  |  max   |  min   |
+------------+--------+-----------+-----------+----------+--------+--------+--------+
| WayPoint1  | 60.233 |   56.433  |   64.27   |  16.709  | 60.233 | 60.233 | 60.233 |
| WayPoint10 | 60.234 |   32.031  |   27.45   |  7.136   | 60.234 | 60.234 | 60.234 |
| WayPoint11 | 60.234 |   60.234  |     0     |   0.0    | 60.234 | 60.234 | 60.234 |
| WayPoint2  |  33.4  |    29.0   |   28.63   |  7.444   | 30.117 |  33.4  | 26.834 |
|            | 26.834 |   7.034   |    43.7   |  11.362  |        |        |        |
| WayPoint3  | 27.205 |   13.004  |   11.52   |  2.996   | 30.117 | 33.029 | 27.205 |
|            | 33.029 |   33.029  |     0     |   0.0    |        |        |        |
| WayPoint4  | 60.234 |   25.834  |   42.96   |  11.17   | 60.234 | 60.234 | 60.234 |
| WayPoint5  | 60.234 |   56.434  |   52.14   |  13.557  | 60.234 | 60.234 | 60.234 |
| WayPoint6  |  52.2  |    48.0   |   44.03   |  11.449  | 30.117 |  52.2  | 8.034  |
|            | 8.034  |   8.034   |     0     |   0.0    |        |        |        |
| WayPoint7  |  13.6  |    10.0   |   11.62   |  3.022   | 30.117 | 46.634 |  13.6  |
|            | 46.634 |   46.634  |     0     |   0.0    |        |        |        |
| WayPoint8  | 60.234 |   56.434  |   27.75   |  7.214   | 60.234 | 60.234 | 60.234 |
| WayPoint9  | 60.234 |   55.834  |   51.93   |  13.501  | 60.234 | 60.234 | 60.234 |
+------------+--------+-----------+-----------+----------+--------+--------+--------+
Average idleness: 49.282
-----------
Variance idleness: 209.89
-----------
Total visits: 5
