+------------+--------+-----------+-----------+----------+--------+--------+--------+
| Dest name  |  true  | remaining | estimated | path_len |  mean  |  max   |  min   |
+------------+--------+-----------+-----------+----------+--------+--------+--------+
| WayPoint1  | 60.168 |   56.168  |   44.13   |  11.473  | 60.168 | 60.168 | 60.168 |
| WayPoint10 | 60.168 |   7.168   |   15.04   |   3.91   | 60.168 | 60.168 | 60.168 |
| WayPoint11 | 60.168 |   56.168  |   33.75   |  8.774   | 60.168 | 60.168 | 60.168 |
| WayPoint2  | 60.168 |   56.767  |   57.82   |  15.033  | 60.168 | 60.168 | 60.168 |
| WayPoint3  | 60.168 |   4.168   |   36.42   |   9.47   | 60.168 | 60.168 | 60.168 |
| WayPoint4  | 60.168 |   56.168  |   49.81   |  12.951  | 60.168 | 60.168 | 60.168 |
| WayPoint5  | 60.168 |   60.168  |     0     |   0.0    | 60.168 | 60.168 | 60.168 |
| WayPoint6  | 60.168 |   60.168  |   31.37   |  8.156   | 60.168 | 60.168 | 60.168 |
| WayPoint7  |  52.0  |    48.0   |   28.73   |   7.47   | 30.084 |  52.0  | 8.168  |
|            | 8.168  |   8.168   |     0     |   0.0    |        |        |        |
| WayPoint8  |  59.6  |    57.0   |    14.6   |  3.797   | 30.084 |  59.6  | 0.568  |
|            | 0.568  |   0.568   |     0     |   0.0    |        |        |        |
| WayPoint9  |  55.0  |    51.0   |   37.99   |  9.876   | 30.084 |  55.0  | 5.168  |
|            | 5.168  |   5.168   |     0     |   0.0    |        |        |        |
+------------+--------+-----------+-----------+----------+--------+--------+--------+
Average idleness: 51.963
-----------
Variance idleness: 179.513
-----------
Total visits: 3
