+------------+--------+-----------+-----------+----------+--------+--------+--------+
| Dest name  |  true  | remaining | estimated | path_len |  mean  |  max   |  min   |
+------------+--------+-----------+-----------+----------+--------+--------+--------+
| WayPoint1  | 60.289 |   57.287  |   64.27   |  16.709  | 60.289 | 60.289 | 60.289 |
| WayPoint10 |  56.0  |   52.998  |   39.63   |  10.305  | 30.145 |  56.0  | 4.289  |
|            | 4.289  |   4.289   |     0     |   0.0    |        |        |        |
| WayPoint11 | 60.289 |   57.287  |   64.59   |  16.793  | 60.289 | 60.289 | 60.289 |
| WayPoint2  | 60.289 |   57.287  |   37.19   |   9.67   | 60.289 | 60.289 | 60.289 |
| WayPoint3  | 60.289 |   26.089  |   25.25   |  6.564   | 60.289 | 60.289 | 60.289 |
| WayPoint4  |  33.8  |    31.0   |   29.13   |  7.573   | 30.145 |  33.8  | 26.489 |
|            | 26.489 |   3.289   |   29.59   |  7.693   |        |        |        |
| WayPoint5  | 60.289 |   43.889  |   41.94   |  10.904  | 60.289 | 60.289 | 60.289 |
| WayPoint6  | 60.289 |   57.889  |   41.55   |  10.804  | 60.289 | 60.289 | 60.289 |
| WayPoint7  | 60.289 |   60.289  |     0     |   0.0    | 60.289 | 60.289 | 60.289 |
| WayPoint8  | 15.801 |   13.001  |   13.21   |  3.435   | 30.145 | 44.489 | 15.801 |
|            | 44.489 |   44.489  |     0     |   0.0    |        |        |        |
| WayPoint9  | 60.29  |   60.29   |     0     |   0.0    | 60.29  | 60.29  | 60.29  |
+------------+--------+-----------+-----------+----------+--------+--------+--------+
Average idleness: 52.068
-----------
Variance idleness: 180.232
-----------
Total visits: 4
