+------------+--------+-----------+-----------+----------+--------+--------+--------+
| Dest name  |  true  | remaining | estimated | path_len |  mean  |  max   |  min   |
+------------+--------+-----------+-----------+----------+--------+--------+--------+
| WayPoint1  | 60.328 |   12.128  |    0.0    |   0.0    | 60.328 | 60.328 | 60.328 |
| WayPoint10 | 39.401 |    16.0   |   15.38   |   4.0    | 30.165 | 39.401 | 20.928 |
|            | 20.928 |   20.928  |     0     |   0.0    |        |        |        |
| WayPoint11 | 60.329 |   12.129  |   34.03   |  8.848   | 60.329 | 60.329 | 60.329 |
| WayPoint2  | 60.329 |   57.727  |   54.03   |  14.048  | 60.329 | 60.329 | 60.329 |
| WayPoint3  | 60.329 |   57.727  |   40.37   |  10.497  | 60.329 | 60.329 | 60.329 |
| WayPoint4  |  47.2  |   43.993  |   43.15   |  11.22   | 30.165 |  47.2  | 13.129 |
|            | 13.129 |   13.129  |     0     |   0.0    |        |        |        |
| WayPoint5  |  47.2  |   43.993  |   36.93   |  9.603   | 30.165 |  47.2  | 13.129 |
|            | 13.129 |   4.929   |   15.44   |  4.014   |        |        |        |
| WayPoint6  |  54.4  |    51.0   |   50.33   |  13.086  | 30.165 |  54.4  | 5.929  |
|            | 5.929  |   5.929   |     0     |   0.0    |        |        |        |
| WayPoint7  | 23.003 |   20.002  |   15.13   |  3.933   | 30.165 | 37.326 | 23.003 |
|            | 37.326 |   8.129   |   16.12   |  4.192   |        |        |        |
| WayPoint8  | 51.201 |   47.994  |    14.6   |  3.797   | 30.165 | 51.201 | 9.128  |
|            | 9.128  |   9.128   |     0     |   0.0    |        |        |        |
| WayPoint9  | 60.329 |   19.928  |   38.04   |  9.891   | 60.329 | 60.329 | 60.329 |
+------------+--------+-----------+-----------+----------+--------+--------+--------+
Average idleness: 43.876
-----------
Variance idleness: 225.584
-----------
Total visits: 8
