+------------+--------+-----------+-----------+----------+--------+--------+--------+
| Dest name  |  true  | remaining | estimated | path_len |  mean  |  max   |  min   |
+------------+--------+-----------+-----------+----------+--------+--------+--------+
| WayPoint1  |  43.8  |    41.0   |   32.92   |  8.558   | 30.149 |  43.8  | 16.498 |
|            | 16.498 |   16.498  |     0     |   0.0    |        |        |        |
| WayPoint10 | 60.298 |   57.297  |   26.16   |  6.802   | 60.298 | 60.298 | 60.298 |
| WayPoint11 | 60.299 |   57.699  |   58.35   |  15.172  | 60.299 | 60.299 | 60.299 |
| WayPoint2  | 36.201 |   33.001  |   28.63   |  7.444   | 30.149 | 36.201 | 24.098 |
|            | 24.098 |   23.299  |   42.93   |  11.162  |        |        |        |
| WayPoint3  | 60.299 |   25.098  |   36.95   |  9.608   | 60.299 | 60.299 | 60.299 |
| WayPoint4  |  36.6  |    34.0   |   29.13   |  7.573   | 30.15  |  36.6  | 23.699 |
|            | 23.699 |   23.699  |     0     |   0.0    |        |        |        |
| WayPoint5  |  34.2  |    17.0   |   16.72   |  4.346   | 30.15  |  34.2  | 26.099 |
|            | 26.099 |   26.099  |     0     |   0.0    |        |        |        |
| WayPoint6  |  16.2  |    13.0   |   16.44   |  4.276   | 30.15  |  44.1  |  16.2  |
|            |  44.1  |   23.099  |   43.95   |  11.426  |        |        |        |
| WayPoint7  |  60.3  |    60.3   |     0     |   0.0    |  60.3  |  60.3  |  60.3  |
| WayPoint8  |  60.3  |   16.097  |   19.42   |   5.05   |  60.3  |  60.3  |  60.3  |
| WayPoint9  |  60.3  |   57.898  |   55.67   |  14.475  |  60.3  |  60.3  |  60.3  |
+------------+--------+-----------+-----------+----------+--------+--------+--------+
Average idleness: 46.595
-----------
Variance idleness: 225.373
-----------
Total visits: 7
