+------------+--------+-----------+-----------+----------+--------+--------+--------+
| Dest name  |  true  | remaining | estimated | path_len |  mean  |  max   |  min   |
+------------+--------+-----------+-----------+----------+--------+--------+--------+
| WayPoint1  | 60.162 |   57.762  |   60.58   |  15.752  | 60.162 | 60.162 | 60.162 |
| WayPoint10 | 60.162 |   57.362  |   38.08   |  9.902   | 60.162 | 60.162 | 60.162 |
| WayPoint11 | 60.162 |   57.362  |   40.75   |  10.596  | 60.162 | 60.162 | 60.162 |
| WayPoint2  | 60.162 |   10.162  |    43.0   |  11.18   | 60.162 | 60.162 | 60.162 |
| WayPoint3  | 60.162 |   60.162  |     0     |   0.0    | 60.162 | 60.162 | 60.162 |
| WayPoint4  |  49.0  |   45.987  |   43.12   |  11.211  | 30.081 |  49.0  | 11.162 |
|            | 11.162 |   11.162  |     0     |   0.0    |        |        |        |
| WayPoint5  |  56.0  |   52.987  |   39.92   |  10.38   | 30.081 |  56.0  | 4.162  |
|            | 4.162  |   4.162   |     0     |   0.0    |        |        |        |
| WayPoint6  | 60.162 |   57.149  |   50.33   |  13.086  | 60.162 | 60.162 | 60.162 |
| WayPoint7  | 60.162 |   57.762  |   29.76   |  7.737   | 60.162 | 60.162 | 60.162 |
| WayPoint8  | 60.162 |    3.16   |   41.81   |  10.87   | 60.162 | 60.162 | 60.162 |
| WayPoint9  | 60.162 |   60.162  |     0     |   0.0    | 60.162 | 60.162 | 60.162 |
+------------+--------+-----------+-----------+----------+--------+--------+--------+
Average idleness: 54.693
-----------
Variance idleness: 134.608
-----------
Total visits: 2
