+-----------+--------+-----------+-----------+----------+--------+--------+--------+
| Dest name |  true  | remaining | estimated | path_len |  mean  |  max   |  min   |
+-----------+--------+-----------+-----------+----------+--------+--------+--------+
| WayPoint1 | 60.153 |   56.952  |   32.64   |  8.487   | 60.153 | 60.153 | 60.153 |
| WayPoint2 |  32.6  |    30.0   |   11.96   |  3.108   | 20.051 |  32.6  | 11.948 |
|           | 15.605 |   15.005  |   11.96   |  3.108   |        |        |        |
|           | 11.948 |   11.353  |   64.13   |  16.673  |        |        |        |
| WayPoint3 |  15.6  |    13.0   |   11.98   |  3.116   | 15.038 |  22.6  | 7.553  |
|           |  22.6  |   21.999  |    18.7   |  4.862   |        |        |        |
|           |  14.4  |   13.999  |   12.13   |  3.153   |        |        |        |
|           | 7.553  |   7.153   |   11.98   |  3.116   |        |        |        |
| WayPoint4 | 60.153 |   57.553  |   48.25   |  12.546  | 60.153 | 60.153 | 60.153 |
| WayPoint5 | 60.153 |   57.553  |   69.78   |  18.142  | 60.153 | 60.153 | 60.153 |
| WayPoint6 | 60.153 |   56.952  |   69.85   |  18.161  | 60.153 | 60.153 | 60.153 |
| WayPoint7 | 45.201 |    42.0   |   32.43   |  8.431   | 30.076 | 45.201 | 14.952 |
|           | 14.952 |   14.35   |   74.23   |   19.3   |        |        |        |
+-----------+--------+-----------+-----------+----------+--------+--------+--------+
Average idleness: 43.682
-----------
Variance idleness: 378.457
-----------
Total visits: 9
