+-----------+--------+-----------+-----------+----------+--------+--------+--------+
| Dest name |  true  | remaining | estimated | path_len |  mean  |  max   |  min   |
+-----------+--------+-----------+-----------+----------+--------+--------+--------+
| WayPoint1 | 18.601 |   16.001  |    16.4   |  4.264   | 30.089 | 41.577 | 18.601 |
|           | 41.577 |   40.978  |   53.93   |  14.022  |        |        |        |
| WayPoint2 |  48.8  |    46.0   |   11.96   |  3.108   | 30.089 |  48.8  | 11.378 |
|           | 11.378 |   10.978  |   11.96   |  3.108   |        |        |        |
| WayPoint3 |  23.2  |    20.0   |    18.7   |  4.862   | 30.089 | 36.978 |  23.2  |
|           | 36.978 |   36.576  |   55.27   |  14.369  |        |        |        |
| WayPoint4 | 60.178 |   56.978  |   48.25   |  12.546  | 60.178 | 60.178 | 60.178 |
| WayPoint5 | 60.179 |   57.579  |   85.94   |  22.343  | 60.179 | 60.179 | 60.179 |
| WayPoint6 |  20.6  |    18.0   |   16.38   |  4.258   | 20.06  |  38.6  | 0.979  |
|           |  38.6  |    38.0   |   16.38   |  4.258   |        |        |        |
|           | 0.979  |   0.379   |   47.45   |  12.338  |        |        |        |
| WayPoint7 | 60.179 |   57.579  |   63.56   |  16.525  | 60.179 | 60.179 | 60.179 |
+-----------+--------+-----------+-----------+----------+--------+--------+--------+
Average idleness: 41.552
-----------
Variance idleness: 270.995
-----------
Total visits: 9
