+-----------+--------+-----------+-----------+----------+--------+--------+--------+
| Dest name |  true  | remaining | estimated | path_len |  mean  |  max   |  min   |
+-----------+--------+-----------+-----------+----------+--------+--------+--------+
| WayPoint1 | 60.133 |   56.932  |    39.3   |  10.217  | 60.133 | 60.133 | 60.133 |
| WayPoint2 | 21.802 |   19.002  |   23.29   |  6.056   | 20.044 | 28.598 | 9.733  |
|           | 28.598 |   27.999  |   29.47   |  7.662   |        |        |        |
|           | 9.733  |   9.533   |   63.68   |  16.558  |        |        |        |
| WayPoint3 | 60.133 |   57.333  |   39.27   |  10.211  | 60.133 | 60.133 | 60.133 |
| WayPoint4 | 31.601 |   29.001  |   29.48   |  7.664   | 30.066 | 31.601 | 28.532 |
|           | 28.532 |   27.932  |   29.49   |  7.668   |        |        |        |
| WayPoint5 | 60.133 |   57.533  |   53.79   |  13.986  | 60.133 | 60.133 | 60.133 |
| WayPoint6 | 51.201 |   48.401  |    19.9   |  5.173   | 30.067 | 51.201 | 8.932  |
|           | 8.932  |   8.733   |   52.04   |  13.53   |        |        |        |
| WayPoint7 |  37.6  |    35.0   |   19.79   |  5.146   | 30.067 |  37.6  | 22.533 |
|           | 22.533 |   21.933  |   80.39   |  20.902  |        |        |        |
+-----------+--------+-----------+-----------+----------+--------+--------+--------+
Average idleness: 41.52
-----------
Variance idleness: 270.584
-----------
Total visits: 9
