+-----------+--------+-----------+-----------+----------+--------+--------+--------+
| Dest name |  true  | remaining | estimated | path_len |  mean  |  max   |  min   |
+-----------+--------+-----------+-----------+----------+--------+--------+--------+
| WayPoint1 | 33.201 |   30.001  |   31.54   |  8.199   | 30.07  | 33.201 | 26.939 |
|           | 26.939 |   26.54   |   31.48   |  8.184   |        |        |        |
| WayPoint2 |  21.6  |    19.0   |   23.29   |  6.056   | 20.047 |  30.6  |  7.94  |
|           |  30.6  |   29.997  |   29.47   |  7.662   |        |        |        |
|           |  7.94  |    7.54   |   47.55   |  12.364  |        |        |        |
| WayPoint3 | 60.14  |   57.54   |   55.27   |  14.369  | 60.14  | 60.14  | 60.14  |
| WayPoint4 |  42.2  |    39.0   |   18.69   |   4.86   | 30.07  |  42.2  | 17.94  |
|           | 17.94  |   17.539  |   29.18   |  7.586   |        |        |        |
| WayPoint5 | 60.14  |   56.94   |   53.79   |  13.986  | 60.14  | 60.14  | 60.14  |
| WayPoint6 |  47.6  |    45.0   |    19.9   |  5.173   | 30.07  |  47.6  | 12.54  |
|           | 12.54  |   11.94   |    63.8   |  16.587  |        |        |        |
| WayPoint7 | 60.14  |   57.54   |   32.43   |  8.431   | 60.14  | 60.14  | 60.14  |
+-----------+--------+-----------+-----------+----------+--------+--------+--------+
Average idleness: 41.525
-----------
Variance idleness: 270.644
-----------
Total visits: 9
