+------------+--------+-----------+-----------+----------+--------+--------+--------+
| Dest name  |  true  | remaining | estimated | path_len |  mean  |  max   |  min   |
+------------+--------+-----------+-----------+----------+--------+--------+--------+
| WayPoint1  | 60.298 |   36.298  |    36.0   |  9.361   | 60.298 | 60.298 | 60.298 |
| WayPoint10 | 60.298 |   56.298  |   38.76   |  10.079  | 60.298 | 60.298 | 60.298 |
| WayPoint2  | 60.298 |   57.497  |   45.81   |  11.911  | 60.298 | 60.298 | 60.298 |
| WayPoint3  | 47.806 |   44.006  |   12.63   |  3.283   | 30.149 | 47.806 | 12.492 |
|            | 12.492 |   12.492  |     0     |   0.0    |        |        |        |
| WayPoint4  | 60.298 |   12.898  |   41.64   |  10.825  | 60.298 | 60.298 | 60.298 |
| WayPoint5  |  23.0  |    19.0   |   15.56   |  4.047   | 30.149 | 37.298 |  23.0  |
|            | 37.298 |   11.897  |   43.53   |  11.318  |        |        |        |
| WayPoint6  | 60.298 |   37.298  |   20.47   |  5.322   | 60.298 | 60.298 | 60.298 |
| WayPoint7  | 16.801 |   13.001  |   11.39   |  2.961   | 30.149 | 43.497 | 16.801 |
|            | 43.497 |   43.497  |     0     |   0.0    |        |        |        |
| WayPoint8  |  22.0  |    18.0   |   20.53   |  5.339   | 30.149 | 38.298 |  22.0  |
|            | 38.298 |   38.298  |     0     |   0.0    |        |        |        |
| WayPoint9  |  46.4  |    29.0   |   19.45   |  5.058   | 30.149 |  46.4  | 13.898 |
|            | 13.898 |   13.898  |     0     |   0.0    |        |        |        |
+------------+--------+-----------+-----------+----------+--------+--------+--------+
Average idleness: 45.224
-----------
Variance idleness: 227.241
-----------
Total visits: 6
