+------------+--------+-----------+-----------+----------+--------+--------+--------+
| Dest name  |  true  | remaining | estimated | path_len |  mean  |  max   |  min   |
+------------+--------+-----------+-----------+----------+--------+--------+--------+
| WayPoint1  | 40.001 |    17.0   |   16.21   |  4.215   | 30.191 | 40.001 | 20.382 |
|            | 20.382 |   20.382  |     0     |   0.0    |        |        |        |
| WayPoint10 |  56.8  |    53.0   |   38.76   |  10.079  | 30.191 |  56.8  | 3.583  |
|            | 3.583  |   3.583   |     0     |   0.0    |        |        |        |
| WayPoint2  |  18.0  |    14.0   |    16.0   |   4.16   | 20.128 | 42.001 | 0.382  |
|            | 42.001 |   19.001  |    17.6   |  4.577   |        |        |        |
|            | 0.382  |   0.382   |     0     |   0.0    |        |        |        |
| WayPoint3  | 60.383 |   56.583  |   28.32   |  7.364   | 60.383 | 60.383 | 60.383 |
| WayPoint4  | 60.383 |   32.382  |   32.94   |  8.564   | 60.383 | 60.383 | 60.383 |
| WayPoint5  | 60.383 |   56.583  |    48.1   |  12.506  | 60.383 | 60.383 | 60.383 |
| WayPoint6  |  27.0  |    23.0   |   20.48   |  5.326   | 30.192 | 33.383 |  27.0  |
|            | 33.383 |   33.383  |     0     |   0.0    |        |        |        |
| WayPoint7  |  22.0  |    18.0   |   20.54   |  5.341   | 30.192 | 38.383 |  22.0  |
|            | 38.383 |   2.982   |   20.54   |  5.341   |        |        |        |
| WayPoint8  | 60.383 |   41.383  |    37.9   |  9.853   | 60.383 | 60.383 | 60.383 |
| WayPoint9  | 60.383 |   60.383  |     0     |   0.0    | 60.383 | 60.383 | 60.383 |
+------------+--------+-----------+-----------+----------+--------+--------+--------+
Average idleness: 44.281
-----------
Variance idleness: 267.38
-----------
Total visits: 7
