+------------+--------+-----------+-----------+----------+--------+--------+--------+
| Dest name  |  true  | remaining | estimated | path_len |  mean  |  max   |  min   |
+------------+--------+-----------+-----------+----------+--------+--------+--------+
| WayPoint1  | 60.219 |   11.018  |   37.21   |  9.675   | 60.219 | 60.219 | 60.219 |
| WayPoint10 | 43.803 |   41.002  |   26.01   |  6.762   | 30.109 | 43.803 | 16.416 |
|            | 16.416 |   16.416  |     0     |   0.0    |        |        |        |
| WayPoint2  |  38.0  |    35.0   |   36.28   |  9.432   | 30.11  |  38.0  | 22.219 |
|            | 22.219 |   22.219  |     0     |   0.0    |        |        |        |
| WayPoint3  | 60.219 |   57.219  |   37.43   |  9.731   | 60.219 | 60.219 | 60.219 |
| WayPoint4  | 60.219 |   57.418  |   42.02   |  10.925  | 60.219 | 60.219 | 60.219 |
| WayPoint5  | 60.219 |   21.219  |   51.36   |  13.354  | 60.219 | 60.219 | 60.219 |
| WayPoint6  |  29.6  |   26.999  |   26.29   |  6.835   | 30.11  | 30.619 |  29.6  |
|            | 30.619 |   30.619  |     0     |   0.0    |        |        |        |
| WayPoint7  | 60.219 |   58.018  |   20.54   |  5.341   | 60.219 | 60.219 | 60.219 |
| WayPoint8  | 60.219 |   15.419  |   25.97   |  6.753   | 60.219 | 60.219 | 60.219 |
| WayPoint9  |  48.2  |    18.0   |   18.03   |  4.689   | 30.11  |  48.2  | 12.019 |
|            | 12.019 |   12.019  |     0     |   0.0    |        |        |        |
+------------+--------+-----------+-----------+----------+--------+--------+--------+
Average idleness: 48.175
-----------
Variance idleness: 217.576
-----------
Total visits: 4
