+------------+--------+-----------+-----------+----------+--------+--------+--------+
| Dest name  |  true  | remaining | estimated | path_len |  mean  |  max   |  min   |
+------------+--------+-----------+-----------+----------+--------+--------+--------+
| WayPoint1  | 60.283 |   29.283  |   25.02   |  6.506   | 60.283 | 60.283 | 60.283 |
| WayPoint10 |  36.8  |    33.0   |   30.49   |  7.929   | 30.142 |  36.8  | 23.483 |
|            | 23.483 |   23.483  |     0     |   0.0    |        |        |        |
| WayPoint2  | 60.283 |   56.483  |   45.81   |  11.911  | 60.283 | 60.283 | 60.283 |
| WayPoint3  | 34.801 |   31.001  |   28.32   |  7.364   | 30.142 | 34.801 | 25.482 |
|            | 25.482 |   22.883  |   44.44   |  11.554  |        |        |        |
| WayPoint4  | 60.283 |   29.083  |   32.87   |  8.545   | 60.283 | 60.283 | 60.283 |
| WayPoint5  | 60.283 |   56.282  |   57.29   |  14.896  | 60.283 | 60.283 | 60.283 |
| WayPoint6  |  30.8  |    27.0   |   26.29   |  6.835   | 30.142 |  30.8  | 29.483 |
|            | 29.483 |   25.081  |   37.56   |  9.767   |        |        |        |
| WayPoint7  |  16.0  |   11.999  |   11.39   |  2.961   | 30.142 | 44.283 |  16.0  |
|            | 44.283 |   44.283  |     0     |   0.0    |        |        |        |
| WayPoint8  |  30.0  |    13.0   |   11.39   |  2.961   | 30.142 | 30.283 |  30.0  |
|            | 30.283 |   30.283  |     0     |   0.0    |        |        |        |
| WayPoint9  | 60.283 |   60.283  |     0     |   0.0    | 60.283 | 60.283 | 60.283 |
+------------+--------+-----------+-----------+----------+--------+--------+--------+
Average idleness: 45.212
-----------
Variance idleness: 227.12
-----------
Total visits: 7
