+------------+--------+-----------+-----------+----------+--------+--------+--------+
| Dest name  |  true  | remaining | estimated | path_len |  mean  |  max   |  min   |
+------------+--------+-----------+-----------+----------+--------+--------+--------+
| WayPoint1  | 60.243 |   32.043  |   28.21   |  7.336   | 60.243 | 60.243 | 60.243 |
| WayPoint10 |  34.8  |   31.999  |   30.49   |  7.929   | 30.121 |  34.8  | 25.443 |
|            | 25.443 |   25.443  |     0     |   0.0    |        |        |        |
| WayPoint2  | 60.243 |   57.442  |   45.81   |  11.911  | 60.243 | 60.243 | 60.243 |
| WayPoint3  | 60.243 |   57.643  |   46.59   |  12.112  | 60.243 | 60.243 | 60.243 |
| WayPoint4  | 60.243 |   60.243  |     0     |   0.0    | 60.243 | 60.243 | 60.243 |
| WayPoint5  | 60.243 |   24.839  |   55.65   |  14.469  | 60.243 | 60.243 | 60.243 |
| WayPoint6  |  27.8  |   24.999  |   20.48   |  5.326   | 30.121 | 32.443 |  27.8  |
|            | 32.443 |   32.443  |     0     |   0.0    |        |        |        |
| WayPoint7  | 60.243 |   60.243  |     0     |   0.0    | 60.243 | 60.243 | 60.243 |
| WayPoint8  | 60.243 |   57.242  |    32.7   |  8.501   | 60.243 | 60.243 | 60.243 |
| WayPoint9  | 60.243 |   57.442  |   35.02   |  9.104   | 60.243 | 60.243 | 60.243 |
+------------+--------+-----------+-----------+----------+--------+--------+--------+
Average idleness: 54.219
-----------
Variance idleness: 145.174
-----------
Total visits: 2
