+------------+--------+-----------+-----------+----------+--------+--------+--------+
| Dest name  |  true  | remaining | estimated | path_len |  mean  |  max   |  min   |
+------------+--------+-----------+-----------+----------+--------+--------+--------+
| WayPoint1  |  32.0  |    29.0   |   25.57   |  6.649   | 30.169 |  32.0  | 28.339 |
|            | 28.339 |   28.339  |     0     |   0.0    |        |        |        |
| WayPoint10 |  29.6  |   26.998  |   30.49   |  7.929   | 30.169 | 30.739 |  29.6  |
|            | 30.739 |   30.739  |     0     |   0.0    |        |        |        |
| WayPoint2  | 60.339 |   23.139  |   23.45   |  6.097   | 60.339 | 60.339 | 60.339 |
| WayPoint3  |  36.8  |    34.0   |   28.32   |  7.364   | 30.169 |  36.8  | 23.539 |
|            | 23.539 |   23.539  |     0     |   0.0    |        |        |        |
| WayPoint4  |  24.6  |   21.998  |   20.67   |  5.374   | 30.169 | 35.739 |  24.6  |
|            | 35.739 |   35.739  |     0     |   0.0    |        |        |        |
| WayPoint5  | 60.339 |   57.539  |   55.75   |  14.496  | 60.339 | 60.339 | 60.339 |
| WayPoint6  |  60.0  |   26.996  |   26.29   |  6.835   | 30.169 |  60.0  | 0.339  |
|            | 0.339  |   0.339   |     0     |   0.0    |        |        |        |
| WayPoint7  | 60.339 |   57.339  |   19.35   |  5.031   | 60.339 | 60.339 | 60.339 |
| WayPoint8  | 60.339 |   35.139  |    32.7   |  8.501   | 60.339 | 60.339 | 60.339 |
| WayPoint9  | 60.339 |   30.339  |   42.17   |  10.964  | 60.339 | 60.339 | 60.339 |
+------------+--------+-----------+-----------+----------+--------+--------+--------+
Average idleness: 45.254
-----------
Variance idleness: 227.557
-----------
Total visits: 4
