+------------+--------+-----------+-----------+----------+--------+--------+--------+
| Dest name  |  true  | remaining | estimated | path_len |  mean  |  max   |  min   |
+------------+--------+-----------+-----------+----------+--------+--------+--------+
| WayPoint1  | 60.296 |   57.496  |   26.13   |  6.794   | 60.296 | 60.296 | 60.296 |
| WayPoint10 | 60.296 |   57.496  |   33.64   |  8.747   | 60.296 | 60.296 | 60.296 |
| WayPoint2  | 60.296 |   14.096  |   39.82   |  10.353  | 60.296 | 60.296 | 60.296 |
| WayPoint3  | 60.296 |   57.295  |   46.48   |  12.085  | 60.296 | 60.296 | 60.296 |
| WayPoint4  | 60.296 |   57.295  |   32.47   |  8.441   | 60.296 | 60.296 | 60.296 |
| WayPoint5  | 60.296 |   60.296  |     0     |   0.0    | 60.296 | 60.296 | 60.296 |
| WayPoint6  | 45.201 |   14.001  |    11.8   |  3.068   | 30.148 | 45.201 | 15.095 |
|            | 15.095 |   15.095  |     0     |   0.0    |        |        |        |
| WayPoint7  |  30.6  |   27.997  |   20.54   |  5.341   | 30.148 |  30.6  | 29.696 |
|            | 29.696 |   29.696  |     0     |   0.0    |        |        |        |
| WayPoint8  | 60.296 |   57.693  |    32.7   |  8.501   | 60.296 | 60.296 | 60.296 |
| WayPoint9  | 60.296 |   60.296  |     0     |   0.0    | 60.296 | 60.296 | 60.296 |
+------------+--------+-----------+-----------+----------+--------+--------+--------+
Average idleness: 54.266
-----------
Variance idleness: 145.424
-----------
Total visits: 2
