+------------+--------+-----------+-----------+----------+--------+--------+--------+
| Dest name  |  true  | remaining | estimated | path_len |  mean  |  max   |  min   |
+------------+--------+-----------+-----------+----------+--------+--------+--------+
| WayPoint1  | 60.164 |   60.164  |     0     |   0.0    | 60.164 | 60.164 | 60.164 |
| WayPoint10 | 60.164 |   57.764  |   33.64   |  8.747   | 60.164 | 60.164 | 60.164 |
| WayPoint2  | 60.164 |   45.164  |   28.16   |   7.32   | 60.164 | 60.164 | 60.164 |
| WayPoint3  | 60.164 |   57.764  |   44.94   |  11.686  | 60.164 | 60.164 | 60.164 |
| WayPoint4  | 60.165 |   57.365  |   42.02   |  10.925  | 60.165 | 60.165 | 60.165 |
| WayPoint5  | 60.165 |   57.165  |   48.11   |  12.509  | 60.165 | 60.165 | 60.165 |
| WayPoint6  | 60.165 |   60.165  |     0     |   0.0    | 60.165 | 60.165 | 60.165 |
| WayPoint7  | 14.001 |   11.001  |   11.39   |  2.961   | 30.082 | 46.164 | 14.001 |
|            | 46.164 |   46.164  |     0     |   0.0    |        |        |        |
| WayPoint8  | 60.165 |   60.165  |     0     |   0.0    | 60.165 | 60.165 | 60.165 |
| WayPoint9  | 60.165 |   57.165  |   41.85   |  10.881  | 60.165 | 60.165 | 60.165 |
+------------+--------+-----------+-----------+----------+--------+--------+--------+
Average idleness: 57.156
-----------
Variance idleness: 81.446
-----------
Total visits: 1
