+------------+--------+-----------+-----------+----------+--------+--------+--------+
| Dest name  |  true  | remaining | estimated | path_len |  mean  |  max   |  min   |
+------------+--------+-----------+-----------+----------+--------+--------+--------+
| WayPoint1  | 21.001 |   18.001  |   20.84   |  5.418   | 20.119 | 36.999 | 2.357  |
|            | 36.999 |    18.0   |   16.62   |  4.321   |        |        |        |
|            | 2.357  |   2.357   |     0     |   0.0    |        |        |        |
| WayPoint10 | 60.357 |   60.357  |     0     |   0.0    | 60.357 | 60.357 | 60.357 |
| WayPoint2  |  16.6  |   13.999  |    16.0   |   4.16   | 30.178 | 43.757 |  16.6  |
|            | 43.757 |   4.357   |   28.55   |  7.424   |        |        |        |
| WayPoint3  | 60.357 |   57.357  |   44.94   |  11.686  | 60.357 | 60.357 | 60.357 |
| WayPoint4  | 60.357 |   57.756  |   32.47   |  8.441   | 60.357 | 60.357 | 60.357 |
| WayPoint5  | 60.357 |   43.356  |   51.35   |  13.352  | 60.357 | 60.357 | 60.357 |
| WayPoint6  | 60.357 |   1.357   |   26.21   |  6.814   | 60.357 | 60.357 | 60.357 |
| WayPoint7  |  39.0  |    17.0   |   16.19   |  4.209   | 30.179 |  39.0  | 21.358 |
|            | 21.358 |   21.358  |     0     |   0.0    |        |        |        |
| WayPoint8  | 60.358 |   57.155  |   28.72   |  7.466   | 60.358 | 60.358 | 60.358 |
| WayPoint9  |  55.0  |   52.399  |   18.22   |  4.738   | 30.179 |  55.0  | 5.358  |
|            | 5.358  |   5.358   |     0     |   0.0    |        |        |        |
+------------+--------+-----------+-----------+----------+--------+--------+--------+
Average idleness: 47.28
-----------
Variance idleness: 264.116
-----------
Total visits: 6
