+------------+--------+-----------+-----------+----------+--------+-------+--------+
| Dest name  |  true  | remaining | estimated | path_len |  mean  |  max  |  min   |
+------------+--------+-----------+-----------+----------+--------+-------+--------+
| WayPoint1  | 60.23  |   60.23   |     0     |   0.0    | 60.23  | 60.23 | 60.23  |
| WayPoint10 | 60.23  |   60.23   |     0     |   0.0    | 60.23  | 60.23 | 60.23  |
| WayPoint2  | 60.23  |   56.83   |   45.81   |  11.911  | 60.23  | 60.23 | 60.23  |
| WayPoint3  | 60.23  |   56.23   |   46.59   |  12.112  | 60.23  | 60.23 | 60.23  |
| WayPoint4  | 60.23  |   56.83   |   32.85   |  8.541   | 60.23  | 60.23 | 60.23  |
| WayPoint5  | 60.23  |   60.23   |     0     |   0.0    | 60.23  | 60.23 | 60.23  |
| WayPoint6  | 60.23  |   56.43   |   26.29   |  6.835   | 60.23  | 60.23 | 60.23  |
| WayPoint7  | 60.23  |   56.23   |   23.09   |  6.004   | 60.23  | 60.23 | 60.23  |
| WayPoint8  | 60.23  |   13.231  |   28.87   |  7.506   | 60.23  | 60.23 | 60.23  |
| WayPoint9  |  46.0  |    42.0   |   28.54   |   7.42   | 30.116 |  46.0 | 14.231 |
|            | 14.231 |   14.231  |     0     |   0.0    |        |       |        |
+------------+--------+-----------+-----------+----------+--------+-------+--------+
Average idleness: 57.219
-----------
Variance idleness: 81.617
-----------
Total visits: 1
