+------------+--------+-----------+-----------+----------+--------+--------+--------+
| Dest name  |  true  | remaining | estimated | path_len |  mean  |  max   |  min   |
+------------+--------+-----------+-----------+----------+--------+--------+--------+
| WayPoint1  | 60.291 |   56.491  |   64.27   |  16.709  | 60.291 | 60.291 | 60.291 |
| WayPoint10 |  49.0  |    45.0   |   39.68   |  10.318  | 30.145 |  49.0  | 11.291 |
|            | 11.291 |   11.291  |     0     |   0.0    |        |        |        |
| WayPoint11 | 60.291 |   10.291  |   43.77   |  11.381  | 60.291 | 60.291 | 60.291 |
| WayPoint2  | 60.291 |   56.091  |   27.26   |  7.089   | 60.291 | 60.291 | 60.291 |
| WayPoint3  | 60.291 |   60.291  |     0     |   0.0    | 60.291 | 60.291 | 60.291 |
| WayPoint4  |  34.0  |    30.0   |   29.13   |  7.573   | 30.145 |  34.0  | 26.291 |
|            | 26.291 |   26.291  |     0     |   0.0    |        |        |        |
| WayPoint5  | 60.291 |   10.291  |   26.33   |  6.845   | 60.291 | 60.291 | 60.291 |
| WayPoint6  | 60.291 |   60.291  |     0     |   0.0    | 60.291 | 60.291 | 60.291 |
| WayPoint7  |  49.0  |    14.0   |   15.05   |  3.914   | 30.145 |  49.0  | 11.291 |
|            | 11.291 |   11.291  |     0     |   0.0    |        |        |        |
| WayPoint8  | 60.291 |   11.291  |    14.6   |  3.795   | 60.291 | 60.291 | 60.291 |
| WayPoint9  | 48.001 |   44.001  |   35.57   |  9.248   | 30.145 | 48.001 | 12.29  |
|            | 12.29  |   12.29   |     0     |   0.0    |        |        |        |
+------------+--------+-----------+-----------+----------+--------+--------+--------+
Average idleness: 49.329
-----------
Variance idleness: 210.297
-----------
Total visits: 4
