+------------+--------+-----------+-----------+----------+--------+--------+--------+
| Dest name  |  true  | remaining | estimated | path_len |  mean  |  max   |  min   |
+------------+--------+-----------+-----------+----------+--------+--------+--------+
| WayPoint1  | 60.365 |   60.365  |     0     |   0.0    | 60.365 | 60.365 | 60.365 |
| WayPoint10 | 52.801 |   49.801  |   39.63   |  10.305  | 30.183 | 52.801 | 7.564  |
|            | 7.564  |   7.564   |     0     |   0.0    |        |        |        |
| WayPoint11 | 53.003 |   22.003  |   21.94   |  5.705   | 30.183 | 53.003 | 7.362  |
|            | 7.362  |   7.362   |     0     |   0.0    |        |        |        |
| WayPoint2  | 60.365 |   60.365  |     0     |   0.0    | 60.365 | 60.365 | 60.365 |
| WayPoint3  | 60.365 |   57.765  |   35.36   |  9.194   | 60.365 | 60.365 | 60.365 |
| WayPoint4  | 60.365 |   6.364   |   35.24   |  9.163   | 60.365 | 60.365 | 60.365 |
| WayPoint5  | 60.365 |   57.765  |   39.92   |  10.38   | 60.365 | 60.365 | 60.365 |
| WayPoint6  | 30.001 |   27.001  |   26.46   |   6.88   | 30.183 | 30.365 | 30.001 |
|            | 30.365 |   30.365  |     0     |   0.0    |        |        |        |
| WayPoint7  | 60.366 |   60.366  |     0     |   0.0    | 60.366 | 60.366 | 60.366 |
| WayPoint8  | 60.366 |   6.365   |    27.8   |  7.227   | 60.366 | 60.366 | 60.366 |
| WayPoint9  | 60.366 |   57.766  |   55.67   |  14.475  | 60.366 | 60.366 | 60.366 |
+------------+--------+-----------+-----------+----------+--------+--------+--------+
Average idleness: 52.134
-----------
Variance idleness: 180.689
-----------
Total visits: 3
