+------------+--------+-----------+-----------+----------+--------+--------+--------+
| Dest name  |  true  | remaining | estimated | path_len |  mean  |  max   |  min   |
+------------+--------+-----------+-----------+----------+--------+--------+--------+
| WayPoint1  | 60.252 |   60.252  |     0     |   0.0    | 60.252 | 60.252 | 60.252 |
| WayPoint10 | 60.252 |   60.252  |     0     |   0.0    | 60.252 | 60.252 | 60.252 |
| WayPoint11 | 60.252 |   60.252  |     0     |   0.0    | 60.252 | 60.252 | 60.252 |
| WayPoint2  | 60.252 |   56.252  |   57.82   |  15.033  | 60.252 | 60.252 | 60.252 |
| WayPoint3  | 60.252 |   56.448  |   35.36   |  9.194   | 60.252 | 60.252 | 60.252 |
| WayPoint4  | 60.252 |   56.448  |   31.51   |  8.193   | 60.252 | 60.252 | 60.252 |
| WayPoint5  | 60.252 |   56.448  |   37.04   |   9.63   | 60.252 | 60.252 | 60.252 |
| WayPoint6  | 60.252 |   60.252  |     0     |   0.0    | 60.252 | 60.252 | 60.252 |
| WayPoint7  |  19.8  |   15.996  |   15.13   |  3.933   | 30.126 | 40.452 |  19.8  |
|            | 40.452 |   40.452  |     0     |   0.0    |        |        |        |
| WayPoint8  | 60.252 |   60.252  |     0     |   0.0    | 60.252 | 60.252 | 60.252 |
| WayPoint9  | 60.252 |   39.452  |   26.56   |  6.905   | 60.252 | 60.252 | 60.252 |
+------------+--------+-----------+-----------+----------+--------+--------+--------+
Average idleness: 57.513
-----------
Variance idleness: 75.006
-----------
Total visits: 1
