+------------+--------+-----------+-----------+----------+--------+--------+--------+
| Dest name  |  true  | remaining | estimated | path_len |  mean  |  max   |  min   |
+------------+--------+-----------+-----------+----------+--------+--------+--------+
| WayPoint1  | 60.302 |   60.302  |     0     |   0.0    | 60.302 | 60.302 | 60.302 |
| WayPoint10 | 36.003 |   33.003  |   26.16   |  6.802   | 30.151 | 36.003 | 24.299 |
|            | 24.299 |   24.299  |     0     |   0.0    |        |        |        |
| WayPoint11 |  47.8  |    45.0   |   33.72   |  8.767   | 30.151 |  47.8  | 12.502 |
|            | 12.502 |   12.502  |     0     |   0.0    |        |        |        |
| WayPoint2  | 60.302 |   23.302  |   40.15   |  10.439  | 60.302 | 60.302 | 60.302 |
| WayPoint3  | 60.302 |   60.302  |     0     |   0.0    | 60.302 | 60.302 | 60.302 |
| WayPoint4  | 60.302 |   60.302  |     0     |   0.0    | 60.302 | 60.302 | 60.302 |
| WayPoint5  |  51.6  |   48.998  |   39.92   |  10.38   | 30.151 |  51.6  | 8.702  |
|            | 8.702  |   8.702   |     0     |   0.0    |        |        |        |
| WayPoint6  | 60.302 |   8.302   |   16.83   |  4.377   | 60.302 | 60.302 | 60.302 |
| WayPoint7  | 60.302 |   12.102  |   29.44   |  7.654   | 60.302 | 60.302 | 60.302 |
| WayPoint8  | 60.302 |   57.902  |    14.6   |  3.797   | 60.302 | 60.302 | 60.302 |
| WayPoint9  | 60.302 |   57.502  |   55.67   |  14.475  | 60.302 | 60.302 | 60.302 |
+------------+--------+-----------+-----------+----------+--------+--------+--------+
Average idleness: 52.079
-----------
Variance idleness: 180.314
-----------
Total visits: 3
