+------------+--------+-----------+-----------+----------+--------+--------+--------+
| Dest name  |  true  | remaining | estimated | path_len |  mean  |  max   |  min   |
+------------+--------+-----------+-----------+----------+--------+--------+--------+
| WayPoint1  | 60.359 |   23.153  |   35.18   |  9.147   | 60.359 | 60.359 | 60.359 |
| WayPoint10 | 60.359 |   60.359  |     0     |   0.0    | 60.359 | 60.359 | 60.359 |
| WayPoint11 | 60.359 |   57.759  |   55.85   |  14.522  | 60.359 | 60.359 | 60.359 |
| WayPoint2  |  52.0  |    49.0   |   40.15   |  10.439  | 30.18  |  52.0  | 8.359  |
|            | 8.359  |   8.359   |     0     |   0.0    |        |        |        |
| WayPoint3  | 60.359 |   60.359  |     0     |   0.0    | 60.359 | 60.359 | 60.359 |
| WayPoint4  | 60.359 |   29.356  |   21.22   |  5.517   | 60.359 | 60.359 | 60.359 |
| WayPoint5  | 60.359 |   7.359   |   54.62   |  14.201  | 60.359 | 60.359 | 60.359 |
| WayPoint6  |  30.0  |    27.0   |   26.35   |  6.851   | 30.18  | 30.359 |  30.0  |
|            | 30.359 |   30.359  |     0     |   0.0    |        |        |        |
| WayPoint7  |  36.2  |   32.999  |   26.09   |  6.782   | 30.18  |  36.2  | 24.159 |
|            | 24.159 |   24.159  |     0     |   0.0    |        |        |        |
| WayPoint8  | 60.359 |   60.359  |     0     |   0.0    | 60.359 | 60.359 | 60.359 |
| WayPoint9  | 60.359 |   57.759  |   55.67   |  14.475  | 60.359 | 60.359 | 60.359 |
+------------+--------+-----------+-----------+----------+--------+--------+--------+
Average idleness: 52.128
-----------
Variance idleness: 180.649
-----------
Total visits: 3
