+------------+--------+-----------+-----------+----------+--------+--------+--------+
| Dest name  |  true  | remaining | estimated | path_len |  mean  |  max   |  min   |
+------------+--------+-----------+-----------+----------+--------+--------+--------+
| WayPoint1  | 60.427 |   60.427  |     0     |   0.0    | 60.427 | 60.427 | 60.427 |
| WayPoint10 |  41.4  |    26.0   |   15.26   |  3.968   | 30.213 |  41.4  | 19.027 |
|            | 19.027 |   19.027  |     0     |   0.0    |        |        |        |
| WayPoint11 | 60.427 |   57.827  |   55.85   |  14.522  | 60.427 | 60.427 | 60.427 |
| WayPoint2  | 60.427 |   57.827  |   54.12   |  14.07   | 60.427 | 60.427 | 60.427 |
| WayPoint3  | 60.427 |   18.027  |   26.03   |  6.768   | 60.427 | 60.427 | 60.427 |
| WayPoint4  | 60.428 |   60.428  |     0     |   0.0    | 60.428 | 60.428 | 60.428 |
| WayPoint5  | 60.428 |   57.427  |   39.92   |  10.38   | 60.428 | 60.428 | 60.428 |
| WayPoint6  | 60.428 |   60.428  |     0     |   0.0    | 60.428 | 60.428 | 60.428 |
| WayPoint7  |  14.4  |    11.0   |   11.59   |  3.013   | 30.214 | 46.028 |  14.4  |
|            | 46.028 |   46.028  |     0     |   0.0    |        |        |        |
| WayPoint8  | 60.428 |   60.428  |     0     |   0.0    | 60.428 | 60.428 | 60.428 |
| WayPoint9  | 60.428 |   57.626  |   55.67   |  14.475  | 60.428 | 60.428 | 60.428 |
+------------+--------+-----------+-----------+----------+--------+--------+--------+
Average idleness: 54.934
-----------
Variance idleness: 135.802
-----------
Total visits: 2
