+------------+--------+-----------+-----------+----------+--------+--------+--------+
| Dest name  |  true  | remaining | estimated | path_len |  mean  |  max   |  min   |
+------------+--------+-----------+-----------+----------+--------+--------+--------+
| WayPoint1  | 60.21  |   56.21   |   64.27   |  16.709  | 60.21  | 60.21  | 60.21  |
| WayPoint10 | 60.21  |   20.209  |    40.0   |  10.399  | 60.21  | 60.21  | 60.21  |
| WayPoint11 |  58.6  |    56.0   |   43.59   |  11.334  | 30.105 |  58.6  |  1.61  |
|            |  1.61  |    1.61   |     0     |   0.0    |        |        |        |
| WayPoint2  | 36.801 |   11.999  |   13.01   |  3.382   | 30.105 | 36.801 | 23.409 |
|            | 23.409 |   1.205   |   57.82   |  15.033  |        |        |        |
| WayPoint3  | 60.21  |   11.01   |   35.59   |  9.254   | 60.21  | 60.21  | 60.21  |
| WayPoint4  | 60.21  |   60.21   |     0     |   0.0    | 60.21  | 60.21  | 60.21  |
| WayPoint5  |  39.0  |   16.997  |   16.84   |   4.38   | 30.105 |  39.0  | 21.21  |
|            | 21.21  |   21.21   |     0     |   0.0    |        |        |        |
| WayPoint6  |  21.0  |    17.0   |   16.46   |  4.278   | 30.105 | 39.21  |  21.0  |
|            | 39.21  |   39.21   |     0     |   0.0    |        |        |        |
| WayPoint7  | 60.21  |   22.408  |   28.62   |  7.441   | 60.21  | 60.21  | 60.21  |
| WayPoint8  | 24.401 |   22.001  |    14.6   |  3.797   | 30.105 | 35.809 | 24.401 |
|            | 35.809 |   35.809  |     0     |   0.0    |        |        |        |
| WayPoint9  |  48.8  |   44.993  |   35.57   |  9.248   | 30.105 |  48.8  | 11.41  |
|            | 11.41  |   11.41   |     0     |   0.0    |        |        |        |
+------------+--------+-----------+-----------+----------+--------+--------+--------+
Average idleness: 43.789
-----------
Variance idleness: 224.705
-----------
Total visits: 7
