+------------+--------+-----------+-----------+----------+--------+--------+--------+
| Dest name  |  true  | remaining | estimated | path_len |  mean  |  max   |  min   |
+------------+--------+-----------+-----------+----------+--------+--------+--------+
| WayPoint1  | 60.361 |   60.361  |     0     |   0.0    | 60.361 | 60.361 | 60.361 |
| WayPoint10 | 60.361 |   60.361  |     0     |   0.0    | 60.361 | 60.361 | 60.361 |
| WayPoint11 | 37.801 |   34.997  |   33.76   |  8.776   | 30.181 | 37.801 | 22.56  |
|            | 22.56  |   22.56   |     0     |   0.0    |        |        |        |
| WayPoint2  | 60.361 |   22.159  |    56.8   |  14.768  | 60.361 | 60.361 | 60.361 |
| WayPoint3  | 60.361 |   56.361  |   35.36   |  9.194   | 60.361 | 60.361 | 60.361 |
| WayPoint4  | 60.361 |   60.361  |     0     |   0.0    | 60.361 | 60.361 | 60.361 |
| WayPoint5  | 54.004 |   31.002  |   26.41   |  6.867   | 30.18  | 54.004 | 6.357  |
|            | 6.357  |   6.357   |     0     |   0.0    |        |        |        |
| WayPoint6  | 60.361 |    5.36   |   16.83   |  4.377   | 60.361 | 60.361 | 60.361 |
| WayPoint7  |  22.0  |    18.0   |   15.13   |  3.933   | 30.18  | 38.361 |  22.0  |
|            | 38.361 |   38.361  |     0     |   0.0    |        |        |        |
| WayPoint8  | 60.361 |   56.361  |   25.11   |  6.528   | 60.361 | 60.361 | 60.361 |
| WayPoint9  | 60.361 |   57.557  |   55.67   |  14.475  | 60.361 | 60.361 | 60.361 |
+------------+--------+-----------+-----------+----------+--------+--------+--------+
Average idleness: 52.13
-----------
Variance idleness: 180.669
-----------
Total visits: 3
