+------------+--------+-----------+-----------+----------+--------+--------+--------+
| Dest name  |  true  | remaining | estimated | path_len |  mean  |  max   |  min   |
+------------+--------+-----------+-----------+----------+--------+--------+--------+
| WayPoint1  | 60.368 |   60.368  |     0     |   0.0    | 60.368 | 60.368 | 60.368 |
| WayPoint10 | 60.368 |   57.568  |   38.08   |  9.902   | 60.368 | 60.368 | 60.368 |
| WayPoint11 |  42.0  |    39.0   |   33.76   |  8.777   | 30.184 |  42.0  | 18.368 |
|            | 18.368 |   18.368  |     0     |   0.0    |        |        |        |
| WayPoint2  | 60.368 |   60.368  |     0     |   0.0    | 60.368 | 60.368 | 60.368 |
| WayPoint3  | 60.368 |   2.368   |   35.57   |  9.249   | 60.368 | 60.368 | 60.368 |
| WayPoint4  | 60.368 |   57.766  |   35.29   |  9.176   | 60.368 | 60.368 | 60.368 |
| WayPoint5  | 57.003 |   54.003  |   37.04   |   9.63   | 30.184 | 57.003 | 3.365  |
|            | 3.365  |   3.365   |     0     |   0.0    |        |        |        |
| WayPoint6  |  37.6  |   34.998  |   29.33   |  7.626   | 30.184 |  37.6  | 22.768 |
|            | 22.768 |   22.768  |     0     |   0.0    |        |        |        |
| WayPoint7  | 60.368 |   17.368  |   28.85   |  7.501   | 60.368 | 60.368 | 60.368 |
| WayPoint8  | 60.368 |   22.164  |   31.31   |   8.14   | 60.368 | 60.368 | 60.368 |
| WayPoint9  | 60.368 |   60.368  |     0     |   0.0    | 60.368 | 60.368 | 60.368 |
+------------+--------+-----------+-----------+----------+--------+--------+--------+
Average idleness: 52.136
-----------
Variance idleness: 180.709
-----------
Total visits: 3
