+------------+--------+-----------+-----------+----------+--------+--------+--------+
| Dest name  |  true  | remaining | estimated | path_len |  mean  |  max   |  min   |
+------------+--------+-----------+-----------+----------+--------+--------+--------+
| WayPoint1  | 60.193 |   60.193  |     0     |   0.0    | 60.193 | 60.193 | 60.193 |
| WayPoint10 | 60.193 |   60.193  |     0     |   0.0    | 60.193 | 60.193 | 60.193 |
| WayPoint11 | 60.193 |   60.193  |     0     |   0.0    | 60.193 | 60.193 | 60.193 |
| WayPoint2  | 60.193 |   57.593  |   54.36   |  14.133  | 60.193 | 60.193 | 60.193 |
| WayPoint3  | 60.193 |   57.393  |   40.37   |  10.497  | 60.193 | 60.193 | 60.193 |
| WayPoint4  |  35.6  |    33.0   |   29.13   |  7.573   | 30.096 |  35.6  | 24.593 |
|            | 24.593 |   24.593  |     0     |   0.0    |        |        |        |
| WayPoint5  | 60.193 |   57.393  |   61.42   |  15.97   | 60.193 | 60.193 | 60.193 |
| WayPoint6  | 60.193 |   60.193  |     0     |   0.0    | 60.193 | 60.193 | 60.193 |
| WayPoint7  | 60.193 |   57.593  |   26.46   |  6.879   | 60.193 | 60.193 | 60.193 |
| WayPoint8  | 60.193 |   23.993  |   30.95   |  8.048   | 60.193 | 60.193 | 60.193 |
| WayPoint9  | 60.193 |   60.193  |     0     |   0.0    | 60.193 | 60.193 | 60.193 |
+------------+--------+-----------+-----------+----------+--------+--------+--------+
Average idleness: 57.457
-----------
Variance idleness: 74.862
-----------
Total visits: 1
