+------------+-------+-----------+-----------+----------+-------+-------+-------+
| Dest name  |  true | remaining | estimated | path_len |  mean |  max  |  min  |
+------------+-------+-----------+-----------+----------+-------+-------+-------+
| WayPoint1  | 3.499 |   3.499   |     0     |   0.0    | 3.499 | 3.499 | 3.499 |
| WayPoint10 | 3.499 |   3.499   |     0     |   0.0    | 3.499 | 3.499 | 3.499 |
| WayPoint11 | 3.499 |   0.499   |   21.48   |  5.584   | 3.499 | 3.499 | 3.499 |
| WayPoint2  | 3.499 |   3.499   |     0     |   0.0    | 3.499 | 3.499 | 3.499 |
| WayPoint3  | 3.499 |   0.899   |    44.6   |  11.596  | 3.499 | 3.499 | 3.499 |
| WayPoint4  | 3.499 |   3.499   |     0     |   0.0    | 3.499 | 3.499 | 3.499 |
| WayPoint5  | 3.499 |   1.099   |   33.78   |  8.783   | 3.499 | 3.499 | 3.499 |
| WayPoint6  | 3.499 |   3.499   |     0     |   0.0    | 3.499 | 3.499 | 3.499 |
| WayPoint7  | 3.499 |   0.699   |   16.12   |  4.192   | 3.499 | 3.499 | 3.499 |
| WayPoint8  | 3.499 |   3.499   |     0     |   0.0    | 3.499 | 3.499 | 3.499 |
| WayPoint9  | 3.499 |   0.899   |   52.23   |  13.579  | 3.499 | 3.499 | 3.499 |
+------------+-------+-----------+-----------+----------+-------+-------+-------+
Average idleness: 3.499
-----------
Variance idleness: 0.0
-----------
Total visits: 5
