+------------+--------+-----------+-----------+----------+--------+--------+--------+
| Dest name  |  true  | remaining | estimated | path_len |  mean  |  max   |  min   |
+------------+--------+-----------+-----------+----------+--------+--------+--------+
| WayPoint1  | 60.302 |   60.302  |     0     |   0.0    | 60.302 | 60.302 | 60.302 |
| WayPoint10 | 60.302 |   57.702  |   43.43   |  11.292  | 60.302 | 60.302 | 60.302 |
| WayPoint11 | 60.302 |   57.702  |   65.12   |  16.931  | 60.302 | 60.302 | 60.302 |
| WayPoint2  |  52.6  |    50.0   |   40.15   |  10.439  | 30.151 |  52.6  | 7.702  |
|            | 7.702  |   7.702   |     0     |   0.0    |        |        |        |
| WayPoint3  | 60.302 |    57.5   |   36.92   |  9.599   | 60.302 | 60.302 | 60.302 |
| WayPoint4  | 60.302 |   57.302  |   41.09   |  10.684  | 60.302 | 60.302 | 60.302 |
| WayPoint5  | 60.302 |   7.101   |   54.55   |  14.182  | 60.302 | 60.302 | 60.302 |
| WayPoint6  | 60.302 |   60.302  |     0     |   0.0    | 60.302 | 60.302 | 60.302 |
| WayPoint7  | 60.302 |   60.302  |     0     |   0.0    | 60.302 | 60.302 | 60.302 |
| WayPoint8  | 60.302 |   60.302  |     0     |   0.0    | 60.302 | 60.302 | 60.302 |
| WayPoint9  | 60.302 |   60.302  |     0     |   0.0    | 60.302 | 60.302 | 60.302 |
+------------+--------+-----------+-----------+----------+--------+--------+--------+
Average idleness: 57.561
-----------
Variance idleness: 75.131
-----------
Total visits: 1
