+------------+--------+-----------+-----------+----------+--------+--------+--------+
| Dest name  |  true  | remaining | estimated | path_len |  mean  |  max   |  min   |
+------------+--------+-----------+-----------+----------+--------+--------+--------+
| WayPoint1  | 60.306 |   56.304  |   32.92   |  8.558   | 60.306 | 60.306 | 60.306 |
| WayPoint10 | 60.306 |   56.506  |    40.0   |   10.4   | 60.306 | 60.306 | 60.306 |
| WayPoint11 | 60.306 |   60.306  |     0     |   0.0    | 60.306 | 60.306 | 60.306 |
| WayPoint2  |  28.8  |    25.0   |   29.12   |  7.571   | 30.153 | 31.506 |  28.8  |
|            | 31.506 |   4.506   |   53.34   |  13.869  |        |        |        |
| WayPoint3  | 60.306 |   60.306  |     0     |   0.0    | 60.306 | 60.306 | 60.306 |
| WayPoint4  | 60.306 |   56.506  |   35.29   |  9.176   | 60.306 | 60.306 | 60.306 |
| WayPoint5  |  54.8  |    17.0   |   16.67   |  4.335   | 30.153 |  54.8  | 5.506  |
|            | 5.506  |   5.506   |     0     |   0.0    |        |        |        |
| WayPoint6  |  36.8  |    16.0   |   15.73   |  4.089   | 30.153 |  36.8  | 23.506 |
|            | 23.506 |   23.506  |     0     |   0.0    |        |        |        |
| WayPoint7  |  20.4  |   17.998  |   15.13   |  3.933   | 30.153 | 39.906 |  20.4  |
|            | 39.906 |   39.906  |     0     |   0.0    |        |        |        |
| WayPoint8  | 60.306 |   60.306  |     0     |   0.0    | 60.306 | 60.306 | 60.306 |
| WayPoint9  | 60.306 |   30.506  |   27.51   |  7.152   | 60.306 | 60.306 | 60.306 |
+------------+--------+-----------+-----------+----------+--------+--------+--------+
Average idleness: 49.341
-----------
Variance idleness: 210.394
-----------
Total visits: 5
