+-----------+--------+-----------+-----------+----------+--------+--------+--------+
| Dest name |  true  | remaining | estimated | path_len |  mean  |  max   |  min   |
+-----------+--------+-----------+-----------+----------+--------+--------+--------+
| WayPoint1 |  57.4  |   53.996  |   53.84   |  13.998  | 30.075 |  57.4  | 2.749  |
|           | 2.749  |   2.349   |    16.4   |  4.264   |        |        |        |
| WayPoint2 |  37.6  |    35.0   |   31.53   |  8.198   | 30.075 |  37.6  | 22.549 |
|           | 22.549 |   21.949  |   28.66   |  7.453   |        |        |        |
| WayPoint3 | 60.149 |   57.549  |   55.27   |  14.369  | 60.149 | 60.149 | 60.149 |
| WayPoint4 |  26.6  |    24.0   |   29.48   |  7.664   | 30.075 | 33.549 |  26.6  |
|           | 33.549 |   21.949  |   30.87   |  8.026   |        |        |        |
| WayPoint5 | 60.149 |   57.349  |   53.79   |  13.986  | 60.149 | 60.149 | 60.149 |
| WayPoint6 | 46.802 |   44.002  |   19.95   |  5.187   | 30.075 | 46.802 | 13.347 |
|           | 13.347 |   2.349   |   16.43   |  4.272   |        |        |        |
| WayPoint7 | 60.149 |   57.549  |   80.31   |  20.88   | 60.149 | 60.149 | 60.149 |
+-----------+--------+-----------+-----------+----------+--------+--------+--------+
Average idleness: 42.964
-----------
Variance idleness: 221.497
-----------
Total visits: 8
