+-----------+--------+-----------+-----------+----------+--------+--------+--------+
| Dest name |  true  | remaining | estimated | path_len |  mean  |  max   |  min   |
+-----------+--------+-----------+-----------+----------+--------+--------+--------+
| WayPoint1 |  29.8  |    27.0   |   31.48   |  8.184   | 30.077 | 30.354 |  29.8  |
|           | 30.354 |   0.954   |   40.13   |  10.434  |        |        |        |
| WayPoint2 | 60.154 |   56.753  |   31.53   |  8.198   | 60.154 | 60.154 | 60.154 |
| WayPoint3 |  58.8  |    56.0   |   34.39   |  8.942   | 30.077 |  58.8  | 1.354  |
|           | 1.354  |   1.354   |     0     |   0.0    |        |        |        |
| WayPoint4 | 60.154 |   57.551  |   64.22   |  16.698  | 60.154 | 60.154 | 60.154 |
| WayPoint5 | 60.154 |   57.551  |   86.17   |  22.405  | 60.154 | 60.154 | 60.154 |
| WayPoint6 | 60.154 |   57.354  |   64.24   |  16.701  | 60.154 | 60.154 | 60.154 |
| WayPoint7 |  58.8  |    56.0   |   30.05   |  7.813   | 30.077 |  58.8  | 1.354  |
|           | 1.354  |   0.954   |    32.5   |  8.449   |        |        |        |
+-----------+--------+-----------+-----------+----------+--------+--------+--------+
Average idleness: 47.264
-----------
Variance idleness: 221.541
-----------
Total visits: 5
