+-----------+--------+-----------+-----------+----------+--------+--------+--------+
| Dest name |  true  | remaining | estimated | path_len |  mean  |  max   |  min   |
+-----------+--------+-----------+-----------+----------+--------+--------+--------+
| WayPoint1 | 60.152 |   57.352  |   53.84   |  13.998  | 60.152 | 60.152 | 60.152 |
| WayPoint2 | 60.152 |   57.547  |   63.72   |  16.566  | 60.152 | 60.152 | 60.152 |
| WayPoint3 |  22.8  |    20.0   |    18.7   |  4.862   | 30.076 | 37.352 |  22.8  |
|           | 37.352 |   35.952  |   71.39   |  18.561  |        |        |        |
| WayPoint4 | 60.152 |   56.748  |   48.25   |  12.546  | 60.152 | 60.152 | 60.152 |
| WayPoint5 | 60.152 |   57.547  |   53.79   |  13.986  | 60.152 | 60.152 | 60.152 |
| WayPoint6 |  53.2  |    50.0   |    47.6   |  12.375  | 30.076 |  53.2  | 6.952  |
|           | 6.952  |   6.952   |     0     |   0.0    |        |        |        |
| WayPoint7 |  23.6  |   20.995  |   19.79   |  5.146   | 30.076 | 36.552 |  23.6  |
|           | 36.552 |   35.952  |   71.32   |  18.542  |        |        |        |
+-----------+--------+-----------+-----------+----------+--------+--------+--------+
Average idleness: 47.262
-----------
Variance idleness: 221.526
-----------
Total visits: 5
