+-----------+--------+-----------+-----------+----------+--------+--------+--------+
| Dest name |  true  | remaining | estimated | path_len |  mean  |  max   |  min   |
+-----------+--------+-----------+-----------+----------+--------+--------+--------+
| WayPoint1 |  25.6  |    23.0   |    16.4   |  4.264   | 30.085 | 34.571 |  25.6  |
|           | 34.571 |   24.571  |   41.83   |  10.876  |        |        |        |
| WayPoint2 | 40.601 |   38.001  |   29.47   |  7.662   | 30.085 | 40.601 | 19.57  |
|           | 19.57  |   9.965   |   49.18   |  12.786  |        |        |        |
| WayPoint3 | 35.202 |   32.002  |   34.39   |  8.942   | 30.085 | 35.202 | 24.969 |
|           | 24.969 |   24.571  |   43.01   |  11.184  |        |        |        |
| WayPoint4 | 60.171 |   56.971  |   48.25   |  12.546  | 60.171 | 60.171 | 60.171 |
| WayPoint5 | 60.171 |   56.971  |   86.02   |  22.365  | 60.171 | 60.171 | 60.171 |
| WayPoint6 | 49.601 |   47.001  |   47.56   |  12.365  | 30.085 | 49.601 | 10.57  |
|           | 10.57  |   9.965   |   47.45   |  12.338  |        |        |        |
| WayPoint7 | 60.171 |   57.571  |   32.43   |  8.431   | 60.171 | 60.171 | 60.171 |
+-----------+--------+-----------+-----------+----------+--------+--------+--------+
Average idleness: 42.979
-----------
Variance idleness: 221.674
-----------
Total visits: 8
