+-----------+--------+-----------+-----------+----------+--------+--------+-------+
| Dest name |  true  | remaining | estimated | path_len |  mean  |  max   |  min  |
+-----------+--------+-----------+-----------+----------+--------+--------+-------+
| WayPoint1 |  17.6  |    15.0   |    16.4   |  4.264   | 30.065 | 42.53  |  17.6 |
|           | 42.53  |   36.929  |    16.4   |  4.264   |        |        |       |
| WayPoint2 | 60.13  |   56.928  |   23.31   |  6.062   | 60.13  | 60.13  | 60.13 |
| WayPoint3 | 57.201 |   53.999  |   39.27   |  10.211  | 30.065 | 57.201 | 2.929 |
|           | 2.929  |   2.529   |   54.95   |  14.286  |        |        |       |
| WayPoint4 | 60.13  |   57.53   |   80.41   |  20.905  | 60.13  | 60.13  | 60.13 |
| WayPoint5 | 60.13  |   57.53   |   23.26   |  6.047   | 60.13  | 60.13  | 60.13 |
| WayPoint6 |  22.6  |    20.0   |   16.38   |  4.258   | 20.043 |  22.6  |  16.6 |
|           |  16.6  |   15.999  |   16.56   |  4.307   |        |        |       |
|           | 20.93  |   2.529   |    55.3   |  14.377  |        |        |       |
| WayPoint7 | 60.13  |   56.928  |   80.31   |  20.88   | 60.13  | 60.13  | 60.13 |
+-----------+--------+-----------+-----------+----------+--------+--------+-------+
Average idleness: 45.813
-----------
Variance idleness: 282.857
-----------
Total visits: 7
