+-----------+--------+-----------+-----------+----------+--------+--------+--------+
| Dest name |  true  | remaining | estimated | path_len |  mean  |  max   |  min   |
+-----------+--------+-----------+-----------+----------+--------+--------+--------+
| WayPoint1 | 60.146 |   56.946  |   54.12   |  14.071  | 60.146 | 60.146 | 60.146 |
| WayPoint2 | 60.146 |   56.946  |   31.53   |  8.198   | 60.146 | 60.146 | 60.146 |
| WayPoint3 | 60.146 |   57.546  |   71.44   |  18.575  | 60.146 | 60.146 | 60.146 |
| WayPoint4 | 60.146 |   41.946  |   64.22   |  16.698  | 60.146 | 60.146 | 60.146 |
| WayPoint5 | 52.601 |   50.001  |   23.26   |  6.047   | 30.073 | 52.601 | 7.545  |
|           | 7.545  |   7.146   |   85.85   |  22.32   |        |        |        |
| WayPoint6 |  17.6  |    15.0   |   16.38   |  4.258   | 30.073 | 42.546 |  17.6  |
|           | 42.546 |   41.946  |   64.24   |  16.701  |        |        |        |
| WayPoint7 |  23.6  |    21.0   |   19.79   |  5.146   | 30.073 | 36.546 |  23.6  |
|           | 36.546 |   7.146   |   86.74   |  22.551  |        |        |        |
+-----------+--------+-----------+-----------+----------+--------+--------+--------+
Average idleness: 47.258
-----------
Variance idleness: 221.482
-----------
Total visits: 6
