+-----------+--------+-----------+-----------+----------+--------+--------+--------+
| Dest name |  true  | remaining | estimated | path_len |  mean  |  max   |  min   |
+-----------+--------+-----------+-----------+----------+--------+--------+--------+
| WayPoint1 | 52.603 |   50.003  |    32.6   |  8.475   | 30.049 | 52.603 | 7.495  |
|           | 7.495  |   7.098   |   32.59   |  8.473   |        |        |        |
| WayPoint2 |  32.8  |    30.0   |   29.47   |  7.662   | 30.049 |  32.8  | 27.298 |
|           | 27.298 |   26.698  |   11.96   |  3.108   |        |        |        |
| WayPoint3 |  16.4  |    13.0   |   11.98   |  3.116   | 20.033 |  37.8  | 5.898  |
|           |  37.8  |   20.998  |   12.01   |  3.122   |        |        |        |
|           | 5.898  |   5.898   |     0     |   0.0    |        |        |        |
| WayPoint4 | 60.098 |   57.498  |   48.25   |  12.546  | 60.098 | 60.098 | 60.098 |
| WayPoint5 | 60.098 |   57.498  |   53.79   |  13.986  | 60.098 | 60.098 | 60.098 |
| WayPoint6 | 60.098 |   57.298  |   69.87   |  18.167  | 60.098 | 60.098 | 60.098 |
| WayPoint7 |  39.6  |    37.0   |   19.79   |  5.146   | 30.049 |  39.6  | 20.498 |
|           | 20.498 |   6.898   |   32.52   |  8.454   |        |        |        |
+-----------+--------+-----------+-----------+----------+--------+--------+--------+
Average idleness: 41.496
-----------
Variance idleness: 270.266
-----------
Total visits: 8
