+-----------+--------+-----------+-----------+----------+--------+--------+--------+
| Dest name |  true  | remaining | estimated | path_len |  mean  |  max   |  min   |
+-----------+--------+-----------+-----------+----------+--------+--------+--------+
| WayPoint1 |  18.6  |    16.0   |    16.4   |  4.264   | 20.054 |  37.2  | 4.363  |
|           |  37.2  |    35.0   |   16.43   |  4.271   |        |        |        |
|           | 4.363  |   4.363   |     0     |   0.0    |        |        |        |
| WayPoint2 | 60.163 |   57.563  |   29.47   |  7.662   | 60.163 | 60.163 | 60.163 |
| WayPoint3 | 60.163 |   56.963  |   34.39   |  8.942   | 60.163 | 60.163 | 60.163 |
| WayPoint4 | 60.163 |   57.363  |   80.43   |  20.913  | 60.163 | 60.163 | 60.163 |
| WayPoint5 |  39.6  |    37.0   |   23.26   |  6.047   | 30.081 |  39.6  | 20.563 |
|           | 20.563 |   14.163  |   73.06   |  18.997  |        |        |        |
| WayPoint6 |  20.2  |    17.0   |   16.38   |  4.258   | 20.054 |  25.4  | 14.563 |
|           |  25.4  |   24.999  |   16.16   |  4.201   |        |        |        |
|           | 14.563 |   14.163  |   73.87   |  19.207  |        |        |        |
| WayPoint7 | 60.163 |   57.563  |   32.43   |  8.431   | 60.163 | 60.163 | 60.163 |
+-----------+--------+-----------+-----------+----------+--------+--------+--------+
Average idleness: 44.406
-----------
Variance idleness: 340.625
-----------
Total visits: 7
