+------------+--------+-----------+-----------+--------+--------+--------+
| Dest name  |  true  | remaining | estimated |  mean  |  max   |  min   |
+------------+--------+-----------+-----------+--------+--------+--------+
| WayPoint1  | 60.309 |   60.309  |     0     | 60.309 | 60.309 | 60.309 |
| WayPoint10 | 60.309 |   60.309  |     0     | 60.309 | 60.309 | 60.309 |
| WayPoint2  | 60.309 |   60.309  |     0     | 60.309 | 60.309 | 60.309 |
| WayPoint3  | 60.309 |   60.309  |     0     | 60.309 | 60.309 | 60.309 |
| WayPoint4  | 60.309 |   57.709  |   41.91   | 60.309 | 60.309 | 60.309 |
| WayPoint5  | 60.309 |   57.709  |   55.75   | 60.309 | 60.309 | 60.309 |
| WayPoint6  | 29.801 |   27.001  |   26.29   | 30.154 | 30.508 | 29.801 |
|            | 30.508 |   30.508  |     0     |        |        |        |
| WayPoint7  | 60.309 |   4.509   |   11.48   | 60.309 | 60.309 | 60.309 |
| WayPoint8  |  54.8  |   23.998  |   11.98   | 30.154 |  54.8  | 5.509  |
|            | 5.509  |   5.509   |     0     |        |        |        |
| WayPoint9  | 60.309 |   60.309  |     0     | 60.309 | 60.309 | 60.309 |
+------------+--------+-----------+-----------+--------+--------+--------+
Average idleness: 54.278
-----------
Variance idleness: 145.492
-----------
Total visits: 2
