+------------+--------+-----------+-----------+--------+--------+--------+
| Dest name  |  true  | remaining | estimated |  mean  |  max   |  min   |
+------------+--------+-----------+-----------+--------+--------+--------+
| WayPoint1  | 60.315 |   57.71   |   35.18   | 60.315 | 60.315 | 60.315 |
| WayPoint10 | 42.603 |   20.001  |   20.67   | 30.157 | 42.603 | 17.712 |
|            | 17.712 |   17.712  |     0     |        |        |        |
| WayPoint2  | 60.315 |   60.315  |     0     | 60.315 | 60.315 | 60.315 |
| WayPoint3  | 60.315 |   60.315  |     0     | 60.315 | 60.315 | 60.315 |
| WayPoint4  | 60.315 |   60.315  |     0     | 60.315 | 60.315 | 60.315 |
| WayPoint5  | 60.315 |   3.715   |   47.72   | 60.315 | 60.315 | 60.315 |
| WayPoint6  |  30.6  |   27.995  |   26.29   | 30.157 |  30.6  | 29.715 |
|            | 29.715 |   29.715  |     0     |        |        |        |
| WayPoint7  |  21.6  |   18.995  |   20.54   | 30.158 | 38.715 |  21.6  |
|            | 38.715 |   38.715  |     0     |        |        |        |
| WayPoint8  |  55.6  |   23.999  |   20.54   | 30.157 |  55.6  | 4.715  |
|            | 4.715  |   4.715   |     0     |        |        |        |
| WayPoint9  | 60.315 |   16.713  |   38.51   | 60.315 | 60.315 | 60.315 |
+------------+--------+-----------+-----------+--------+--------+--------+
Average idleness: 48.252
-----------
Variance idleness: 218.278
-----------
Total visits: 4
