+------------+--------+-----------+-----------+--------+--------+--------+
| Dest name  |  true  | remaining | estimated |  mean  |  max   |  min   |
+------------+--------+-----------+-----------+--------+--------+--------+
| WayPoint1  | 60.249 |   1.449   |   20.77   | 60.249 | 60.249 | 60.249 |
| WayPoint10 | 60.249 |   60.249  |     0     | 60.249 | 60.249 | 60.249 |
| WayPoint2  |  18.4  |   15.999  |    16.0   | 30.124 | 41.849 |  18.4  |
|            | 41.849 |   41.849  |     0     |        |        |        |
| WayPoint3  | 60.249 |   8.249   |    46.2   | 60.249 | 60.249 | 60.249 |
| WayPoint4  |  57.8  |    39.0   |   36.08   | 30.124 |  57.8  | 2.449  |
|            | 2.449  |   2.449   |     0     |        |        |        |
| WayPoint5  | 60.249 |   60.249  |     0     | 60.249 | 60.249 | 60.249 |
| WayPoint6  | 60.249 |   60.249  |     0     | 60.249 | 60.249 | 60.249 |
| WayPoint7  | 60.249 |   60.249  |     0     | 60.249 | 60.249 | 60.249 |
| WayPoint8  | 60.249 |   57.449  |    28.8   | 60.249 | 60.249 | 60.249 |
| WayPoint9  | 51.001 |   48.001  |   38.52   | 30.124 | 51.001 | 9.248  |
|            | 9.248  |   9.248   |     0     |        |        |        |
+------------+--------+-----------+-----------+--------+--------+--------+
Average idleness: 51.212
-----------
Variance idleness: 190.578
-----------
Total visits: 3
