+------------+--------+-----------+-----------+--------+--------+--------+
| Dest name  |  true  | remaining | estimated |  mean  |  max   |  min   |
+------------+--------+-----------+-----------+--------+--------+--------+
| WayPoint1  | 60.634 |   60.634  |     0     | 60.634 | 60.634 | 60.634 |
| WayPoint10 | 60.634 |   60.634  |     0     | 60.634 | 60.634 | 60.634 |
| WayPoint2  |  54.2  |    51.0   |   45.81   | 30.317 |  54.2  | 6.434  |
|            | 6.434  |   6.434   |     0     |        |        |        |
| WayPoint3  | 60.634 |   60.634  |     0     | 60.634 | 60.634 | 60.634 |
| WayPoint4  | 25.201 |   22.001  |   20.67   | 30.317 | 35.433 | 25.201 |
|            | 35.433 |   35.433  |     0     |        |        |        |
| WayPoint5  | 60.634 |   5.434   |   51.39   | 60.634 | 60.634 | 60.634 |
| WayPoint6  | 60.634 |   34.434  |   32.98   | 60.634 | 60.634 | 60.634 |
| WayPoint7  | 60.634 |   57.434  |   19.35   | 60.634 | 60.634 | 60.634 |
| WayPoint8  | 60.634 |   60.634  |     0     | 60.634 | 60.634 | 60.634 |
| WayPoint9  | 60.634 |   60.634  |     0     | 60.634 | 60.634 | 60.634 |
+------------+--------+-----------+-----------+--------+--------+--------+
Average idleness: 54.571
-----------
Variance idleness: 147.059
-----------
Total visits: 2
