+------------+--------+-----------+-----------+--------+--------+--------+
| Dest name  |  true  | remaining | estimated |  mean  |  max   |  min   |
+------------+--------+-----------+-----------+--------+--------+--------+
| WayPoint1  | 60.354 |   57.753  |   33.53   | 60.354 | 60.354 | 60.354 |
| WayPoint10 | 35.001 |   32.001  |   30.49   | 30.177 | 35.001 | 25.353 |
|            | 25.353 |   25.353  |     0     |        |        |        |
| WayPoint2  | 37.003 |   34.003  |   36.28   | 30.177 | 37.003 | 23.351 |
|            | 23.351 |   23.351  |     0     |        |        |        |
| WayPoint3  | 52.001 |    31.0   |   27.46   | 30.177 | 52.001 | 8.353  |
|            | 8.353  |   8.353   |     0     |        |        |        |
| WayPoint4  | 60.354 |   57.753  |   42.02   | 60.354 | 60.354 | 60.354 |
| WayPoint5  | 60.354 |   60.354  |     0     | 60.354 | 60.354 | 60.354 |
| WayPoint6  | 60.354 |   22.354  |   38.63   | 60.354 | 60.354 | 60.354 |
| WayPoint7  |  20.4  |    18.0   |   16.19   | 30.177 | 39.954 |  20.4  |
|            | 39.954 |   39.954  |     0     |        |        |        |
| WayPoint8  | 60.354 |   7.354   |    37.4   | 60.354 | 60.354 | 60.354 |
| WayPoint9  | 60.354 |   24.354  |   38.71   | 60.354 | 60.354 | 60.354 |
+------------+--------+-----------+-----------+--------+--------+--------+
Average idleness: 48.283
-----------
Variance idleness: 218.556
-----------
Total visits: 4
