+------------+--------+-----------+-----------+--------+--------+--------+
| Dest name  |  true  | remaining | estimated |  mean  |  max   |  min   |
+------------+--------+-----------+-----------+--------+--------+--------+
| WayPoint1  |  52.8  |    31.0   |    25.7   | 30.099 |  52.8  | 7.399  |
|            | 7.399  |   7.399   |     0     |        |        |        |
| WayPoint10 | 60.199 |   60.199  |     0     | 60.199 | 60.199 | 60.199 |
| WayPoint2  | 60.199 |   57.599  |   47.55   | 60.199 | 60.199 | 60.199 |
| WayPoint3  | 60.199 |   10.396  |    46.2   | 60.199 | 60.199 | 60.199 |
| WayPoint4  |  60.2  |    6.4    |   20.67   |  60.2  |  60.2  |  60.2  |
| WayPoint5  |  40.8  |    38.0   |   35.95   |  30.1  |  40.8  |  19.4  |
|            |  19.4  |    19.4   |     0     |        |        |        |
| WayPoint6  |  60.2  |    57.4   |   33.08   |  60.2  |  60.2  |  60.2  |
| WayPoint7  |  60.2  |    18.4   |   38.34   |  60.2  |  60.2  |  60.2  |
| WayPoint8  |  20.8  |    18.0   |   20.53   |  30.1  |  39.4  |  20.8  |
|            |  39.4  |    39.4   |     0     |        |        |        |
| WayPoint9  |  48.8  |   46.599  |   38.52   |  30.1  |  48.8  |  11.4  |
|            |  11.4  |    11.4   |     0     |        |        |        |
+------------+--------+-----------+-----------+--------+--------+--------+
Average idleness: 48.16
-----------
Variance idleness: 217.439
-----------
Total visits: 4
