+------------+--------+-----------+-----------+--------+--------+--------+
| Dest name  |  true  | remaining | estimated |  mean  |  max   |  min   |
+------------+--------+-----------+-----------+--------+--------+--------+
| WayPoint1  | 60.283 |   57.282  |   26.13   | 60.283 | 60.283 | 60.283 |
| WayPoint10 | 60.283 |   60.283  |     0     | 60.283 | 60.283 | 60.283 |
| WayPoint2  | 39.001 |    36.0   |   36.28   | 30.142 | 39.001 | 21.282 |
|            | 21.282 |   11.283  |   48.54   |        |        |        |
| WayPoint3  |  52.0  |    31.0   |   28.37   | 30.142 |  52.0  | 8.283  |
|            | 8.283  |   8.283   |     0     |        |        |        |
| WayPoint4  | 60.283 |   42.083  |   32.87   | 60.283 | 60.283 | 60.283 |
| WayPoint5  | 60.283 |   20.283  |   51.38   | 60.283 | 60.283 | 60.283 |
| WayPoint6  |  17.6  |    15.0   |   18.27   | 30.142 | 42.683 |  17.6  |
|            | 42.683 |   7.282   |   37.56   |        |        |        |
| WayPoint7  |  20.4  |    18.0   |   20.54   | 30.142 | 39.883 |  20.4  |
|            | 39.883 |   39.883  |     0     |        |        |        |
| WayPoint8  | 60.283 |   60.286  |     0     | 60.283 | 60.283 | 60.283 |
| WayPoint9  |  48.4  |    46.0   |   35.02   | 30.143 |  48.4  | 11.886 |
|            | 11.886 |   11.886  |     0     |        |        |        |
+------------+--------+-----------+-----------+--------+--------+--------+
Average idleness: 45.213
-----------
Variance idleness: 227.117
-----------
Total visits: 7
