+------------+--------+-----------+-----------+----------+-------+--------+--------+
| Dest name  |  true  | remaining | estimated | path_len |  mean |  max   |  min   |
+------------+--------+-----------+-----------+----------+-------+--------+--------+
| WayPoint1  | 60.28  |   57.68   |   35.28   |  9.173   | 60.28 | 60.28  | 60.28  |
| WayPoint10 | 60.28  |   9.279   |   43.65   |  11.349  | 60.28 | 60.28  | 60.28  |
| WayPoint2  | 60.28  |   32.879  |   36.23   |   9.42   | 60.28 | 60.28  | 60.28  |
| WayPoint3  | 50.602 |   48.002  |   44.94   |  11.686  | 30.14 | 50.602 | 9.678  |
|            | 9.678  |   9.678   |     0     |   0.0    |       |        |        |
| WayPoint4  | 26.401 |    23.6   |   20.67   |  5.374   | 30.14 | 33.879 | 26.401 |
|            | 33.879 |   33.879  |     0     |   0.0    |       |        |        |
| WayPoint5  | 60.28  |   13.08   |   48.13   |  12.514  | 60.28 | 60.28  | 60.28  |
| WayPoint6  | 60.28  |   60.28   |     0     |   0.0    | 60.28 | 60.28  | 60.28  |
| WayPoint7  | 60.28  |   60.28   |     0     |   0.0    | 60.28 | 60.28  | 60.28  |
| WayPoint8  | 60.28  |   57.28   |    32.7   |  8.501   | 60.28 | 60.28  | 60.28  |
| WayPoint9  |  47.2  |    44.0   |   18.31   |  4.762   | 30.14 |  47.2  | 13.08  |
|            | 13.08  |   13.08   |     0     |   0.0    |       |        |        |
+------------+--------+-----------+-----------+----------+-------+--------+--------+
Average idleness: 51.238
-----------
Variance idleness: 190.768
-----------
Total visits: 3
