+------------+--------+-----------+-----------+----------+--------+--------+--------+
| Dest name  |  true  | remaining | estimated | path_len |  mean  |  max   |  min   |
+------------+--------+-----------+-----------+----------+--------+--------+--------+
| WayPoint1  | 60.362 |   27.562  |   25.83   |  6.716   | 60.362 | 60.362 | 60.362 |
| WayPoint10 | 60.362 |   7.362   |   45.04   |  11.711  | 60.362 | 60.362 | 60.362 |
| WayPoint2  | 60.362 |   57.362  |   38.48   |  10.004  | 60.362 | 60.362 | 60.362 |
| WayPoint3  |  52.0  |    49.0   |   44.94   |  11.686  | 30.182 |  52.0  | 8.364  |
|            | 8.364  |   8.364   |     0     |   0.0    |        |        |        |
| WayPoint4  | 60.364 |   60.364  |     0     |   0.0    | 60.364 | 60.364 | 60.364 |
| WayPoint5  | 60.364 |   57.764  |   57.29   |  14.896  | 60.364 | 60.364 | 60.364 |
| WayPoint6  |  31.8  |    10.0   |   10.48   |  2.726   | 30.182 |  31.8  | 28.564 |
|            | 28.564 |   28.564  |     0     |   0.0    |        |        |        |
| WayPoint7  |  20.8  |   17.999  |   16.19   |  4.209   | 30.182 | 39.564 |  20.8  |
|            | 39.564 |   39.564  |     0     |   0.0    |        |        |        |
| WayPoint8  | 60.364 |   57.764  |    32.7   |  8.501   | 60.364 | 60.364 | 60.364 |
| WayPoint9  | 60.364 |   60.364  |     0     |   0.0    | 60.364 | 60.364 | 60.364 |
+------------+--------+-----------+-----------+----------+--------+--------+--------+
Average idleness: 51.309
-----------
Variance idleness: 191.289
-----------
Total visits: 3
