+------------+--------+-----------+-----------+----------+--------+--------+--------+
| Dest name  |  true  | remaining | estimated | path_len |  mean  |  max   |  min   |
+------------+--------+-----------+-----------+----------+--------+--------+--------+
| WayPoint1  |  43.6  |   40.999  |   33.53   |  8.719   | 34.782 |  43.6  | 25.963 |
|            | 25.963 |   25.963  |     0     |   0.0    |        |        |        |
| WayPoint10 |  60.0  |    50.0   |   20.62   |  5.362   | 34.782 |  60.0  | 9.563  |
|            | 9.563  |   9.563   |     0     |   0.0    |        |        |        |
| WayPoint2  |  39.0  |   34.999  |   36.28   |  9.432   | 34.782 |  39.0  | 30.563 |
|            | 30.563 |   25.562  |    16.0   |   4.16   |        |        |        |
| WayPoint3  | 69.563 |   69.563  |     0     |   0.0    | 69.563 | 69.563 | 69.563 |
| WayPoint4  | 69.563 |   69.563  |     0     |   0.0    | 69.563 | 69.563 | 69.563 |
| WayPoint5  | 69.563 |   29.563  |   51.38   |  13.36   | 69.563 | 69.563 | 69.563 |
| WayPoint6  | 69.563 |   18.763  |   17.99   |  4.679   | 34.782 | 69.563 |  0.0   |
|            |  0.0   |    0.0    |     0     |   0.0    |        |        |        |
| WayPoint7  |  9.0   |   5.996   |   10.54   |  2.741   | 34.782 | 60.563 |  9.0   |
|            | 60.563 |   60.563  |     0     |   0.0    |        |        |        |
| WayPoint8  | 69.563 |   67.163  |    28.8   |  7.489   | 69.563 | 69.563 | 69.563 |
| WayPoint9  |  49.8  |    47.0   |   35.02   |  9.104   | 34.782 |  49.8  | 19.763 |
|            | 19.763 |   19.763  |     0     |   0.0    |        |        |        |
+------------+--------+-----------+-----------+----------+--------+--------+--------+
Average idleness: 48.694
-----------
Variance idleness: 290.332
-----------
Total visits: 7
