+------------+--------+-----------+-----------+----------+--------+--------+--------+
| Dest name  |  true  | remaining | estimated | path_len |  mean  |  max   |  min   |
+------------+--------+-----------+-----------+----------+--------+--------+--------+
| WayPoint1  |  22.2  |    18.0   |   20.84   |  5.418   | 30.139 | 38.079 |  22.2  |
|            | 38.079 |   15.879  |   34.93   |  9.081   |        |        |        |
| WayPoint10 | 60.279 |   56.279  |   38.69   |  10.059  | 60.279 | 60.279 | 60.279 |
| WayPoint2  |  44.8  |    42.0   |    16.0   |   4.16   | 30.139 |  44.8  | 15.479 |
|            | 15.479 |   14.079  |   36.15   |  9.399   |        |        |        |
| WayPoint3  | 60.279 |   56.678  |   23.48   |  6.104   | 60.279 | 60.279 | 60.279 |
| WayPoint4  |  45.2  |    22.0   |   20.67   |  5.374   | 30.14  |  45.2  | 15.079 |
|            | 15.079 |   3.278   |   22.93   |  5.963   |        |        |        |
| WayPoint5  | 60.279 |   24.279  |   48.14   |  12.516  | 60.279 | 60.279 | 60.279 |
| WayPoint6  |  35.0  |    31.0   |   30.54   |  7.941   | 30.139 |  35.0  | 25.279 |
|            | 25.279 |   25.279  |     0     |   0.0    |        |        |        |
| WayPoint7  |  56.0  |    31.0   |   11.36   |  2.954   | 30.139 |  56.0  | 4.279  |
|            | 4.279  |   4.279   |     0     |   0.0    |        |        |        |
| WayPoint8  | 24.002 |   20.002  |   20.53   |  5.339   | 30.139 | 36.277 | 24.002 |
|            | 36.277 |   15.079  |   39.75   |  10.334  |        |        |        |
| WayPoint9  |  43.8  |    41.0   |   28.54   |   7.42   | 30.139 |  43.8  | 16.479 |
|            | 16.479 |   16.479  |     0     |   0.0    |        |        |        |
+------------+--------+-----------+-----------+----------+--------+--------+--------+
Average idleness: 39.181
-----------
Variance idleness: 190.766
-----------
Total visits: 11
