+------------+--------+-----------+-----------+----------+--------+--------+--------+
| Dest name  |  true  | remaining | estimated | path_len |  mean  |  max   |  min   |
+------------+--------+-----------+-----------+----------+--------+--------+--------+
| WayPoint1  |  17.6  |    14.0   |    16.0   |  4.161   | 30.128 | 42.657 |  17.6  |
|            | 42.657 |   9.057   |   25.52   |  6.635   |        |        |        |
| WayPoint10 | 60.257 |   56.058  |   40.73   |  10.589  | 60.257 | 60.257 | 60.257 |
| WayPoint2  |  58.2  |    54.0   |   45.81   |  11.911  | 30.129 |  58.2  | 2.058  |
|            | 2.058  |   2.058   |     0     |   0.0    |        |        |        |
| WayPoint3  | 60.258 |   57.657  |   46.59   |  12.112  | 60.258 | 60.258 | 60.258 |
| WayPoint4  |  39.2  |    21.0   |    22.0   |  5.721   | 30.129 |  39.2  | 21.058 |
|            | 21.058 |   1.058   |   38.87   |  10.107  |        |        |        |
| WayPoint5  | 60.258 |   30.058  |   48.22   |  12.537  | 60.258 | 60.258 | 60.258 |
| WayPoint6  |  29.6  |    26.0   |   20.48   |  5.326   | 30.129 | 30.658 |  29.6  |
|            | 30.658 |   30.658  |     0     |   0.0    |        |        |        |
| WayPoint7  |  10.4  |    6.0    |   10.54   |  2.741   | 30.129 | 49.858 |  10.4  |
|            | 49.858 |   20.058  |   23.01   |  5.983   |        |        |        |
| WayPoint8  |  50.6  |    47.0   |   25.65   |  6.669   | 30.129 |  50.6  | 9.658  |
|            | 9.658  |   9.658   |     0     |   0.0    |        |        |        |
| WayPoint9  | 60.258 |   48.857  |   19.51   |  5.074   | 60.258 | 60.258 | 60.258 |
+------------+--------+-----------+-----------+----------+--------+--------+--------+
Average idleness: 42.18
-----------
Variance idleness: 217.86
-----------
Total visits: 9
