+------------+--------+-----------+-----------+----------+--------+--------+--------+
| Dest name  |  true  | remaining | estimated | path_len |  mean  |  max   |  min   |
+------------+--------+-----------+-----------+----------+--------+--------+--------+
| WayPoint1  |  22.0  |   17.999  |   20.84   |  5.418   |  30.1  |  38.2  |  22.0  |
|            |  38.2  |   12.198  |   35.45   |  9.217   |        |        |        |
| WayPoint10 |  60.2  |    56.4   |   38.76   |  10.079  |  60.2  |  60.2  |  60.2  |
| WayPoint2  |  23.6  |   20.998  |    16.0   |   4.16   |  30.1  |  36.6  |  23.6  |
|            |  36.6  |    2.2    |   37.81   |   9.83   |        |        |        |
| WayPoint3  |  60.2  |    56.4   |   44.94   |  11.686  |  60.2  |  60.2  |  60.2  |
| WayPoint4  |  46.0  |   22.994  |   20.67   |  5.374   |  30.1  |  46.0  |  14.2  |
|            |  14.2  |    14.2   |     0     |   0.0    |        |        |        |
| WayPoint5  |  60.2  |   56.401  |   51.44   |  13.374  |  60.2  |  60.2  |  60.2  |
| WayPoint6  | 60.201 |    36.2   |   38.59   |  10.034  | 60.201 | 60.201 | 60.201 |
| WayPoint7  |  17.0  |   12.999  |   11.39   |  2.961   | 30.101 | 43.201 |  17.0  |
|            | 43.201 |   13.201  |   23.02   |  5.984   |        |        |        |
| WayPoint8  | 57.002 |   53.001  |   20.54   |   5.34   | 30.101 | 57.002 | 3.199  |
|            | 3.199  |   3.199   |     0     |   0.0    |        |        |        |
| WayPoint9  |  47.0  |    29.0   |   19.51   |  5.071   | 30.101 |  47.0  | 13.201 |
|            | 13.201 |   13.201  |     0     |   0.0    |        |        |        |
+------------+--------+-----------+-----------+----------+--------+--------+--------+
Average idleness: 42.14
-----------
Variance idleness: 217.439
-----------
Total visits: 9
