+------------+--------+-----------+-----------+----------+--------+--------+--------+
| Dest name  |  true  | remaining | estimated | path_len |  mean  |  max   |  min   |
+------------+--------+-----------+-----------+----------+--------+--------+--------+
| WayPoint1  | 20.602 |    18.0   |   20.84   |  5.418   | 30.138 | 39.673 | 20.602 |
|            | 39.673 |   24.074  |   16.64   |  4.326   |        |        |        |
| WayPoint10 | 30.201 |   27.001  |   30.49   |  7.929   | 30.138 | 30.201 | 30.074 |
|            | 30.074 |   3.074   |   26.26   |  6.829   |        |        |        |
| WayPoint2  | 38.001 |   16.801  |   16.18   |  4.208   | 30.137 | 38.001 | 22.274 |
|            | 22.274 |   22.274  |     0     |   0.0    |        |        |        |
| WayPoint3  |  29.0  |    26.0   |   23.48   |  6.104   | 30.137 | 31.275 |  29.0  |
|            | 31.275 |   21.073  |   23.54   |   6.12   |        |        |        |
| WayPoint4  | 60.275 |   30.274  |   28.26   |  7.348   | 60.275 | 60.275 | 60.275 |
| WayPoint5  | 60.275 |   57.475  |   47.74   |  12.413  | 60.275 | 60.275 | 60.275 |
| WayPoint6  | 16.403 |   13.003  |   18.38   |  4.779   | 30.137 | 43.872 | 16.403 |
|            | 43.872 |   29.075  |   32.08   |  8.342   |        |        |        |
| WayPoint7  | 35.602 |    33.0   |   16.19   |  4.209   | 30.137 | 35.602 | 24.673 |
|            | 24.673 |   24.673  |     0     |   0.0    |        |        |        |
| WayPoint8  | 56.601 |   53.999  |    26.0   |  6.761   | 30.137 | 56.601 | 3.674  |
|            | 3.674  |   3.674   |     0     |   0.0    |        |        |        |
| WayPoint9  | 60.275 |   42.873  |   18.17   |  4.725   | 60.275 | 60.275 | 60.275 |
+------------+--------+-----------+-----------+----------+--------+--------+--------+
Average idleness: 39.179
-----------
Variance idleness: 190.739
-----------
Total visits: 11
