+------------+--------+-----------+-----------+----------+--------+--------+--------+
| Dest name  |  true  | remaining | estimated | path_len |  mean  |  max   |  min   |
+------------+--------+-----------+-----------+----------+--------+--------+--------+
| WayPoint1  | 60.181 |   8.781   |   16.19   |  4.209   | 60.181 | 60.181 | 60.181 |
| WayPoint10 | 60.181 |   56.181  |   26.01   |  6.762   | 60.181 | 60.181 | 60.181 |
| WayPoint2  | 60.181 |   60.181  |     0     |   0.0    | 60.181 | 60.181 | 60.181 |
| WayPoint3  | 60.181 |   32.78   |   28.21   |  7.335   | 60.181 | 60.181 | 60.181 |
| WayPoint4  |  27.0  |    23.0   |   20.67   |  5.374   | 30.09  | 33.181 |  27.0  |
|            | 33.181 |   33.181  |     0     |   0.0    |        |        |        |
| WayPoint5  | 60.181 |   56.381  |   48.11   |  12.509  | 60.181 | 60.181 | 60.181 |
| WayPoint6  | 60.181 |   57.581  |   33.08   |  8.601   | 60.181 | 60.181 | 60.181 |
| WayPoint7  |  51.0  |    47.0   |   28.55   |  7.422   | 30.09  |  51.0  | 9.181  |
|            | 9.181  |   9.181   |     0     |   0.0    |        |        |        |
| WayPoint8  | 60.181 |   56.181  |    28.8   |  7.489   | 60.181 | 60.181 | 60.181 |
| WayPoint9  | 60.181 |   56.181  |   38.52   |  10.015  | 60.181 | 60.181 | 60.181 |
+------------+--------+-----------+-----------+----------+--------+--------+--------+
Average idleness: 54.163
-----------
Variance idleness: 144.875
-----------
Total visits: 2
