+------------+--------+-----------+-----------+----------+--------+--------+--------+
| Dest name  |  true  | remaining | estimated | path_len |  mean  |  max   |  min   |
+------------+--------+-----------+-----------+----------+--------+--------+--------+
| WayPoint1  | 38.602 |   16.002  |   16.65   |   4.33   | 20.241 | 38.602 | 2.124  |
|            | 19.998 |    13.0   |   12.64   |  3.287   |        |        |        |
|            | 2.124  |   2.124   |     0     |   0.0    |        |        |        |
| WayPoint10 | 60.728 |   38.928  |   55.86   |  14.525  | 60.728 | 60.728 | 60.728 |
| WayPoint2  | 60.728 |   57.528  |   47.48   |  12.345  | 60.728 | 60.728 | 60.728 |
| WayPoint3  | 45.004 |   42.803  |   37.43   |  9.731   | 30.364 | 45.004 | 15.724 |
|            | 15.724 |   2.926   |    46.2   |  12.011  |        |        |        |
| WayPoint4  | 60.728 |   26.328  |   32.44   |  8.434   | 60.728 | 60.728 | 60.728 |
| WayPoint5  |  21.2  |    18.0   |   15.56   |  4.047   | 30.364 | 39.528 |  21.2  |
|            | 39.528 |   21.127  |   35.95   |  9.346   |        |        |        |
| WayPoint6  | 60.728 |   57.328  |    38.7   |  10.063  | 60.728 | 60.728 | 60.728 |
| WayPoint7  |  21.6  |    18.0   |   20.54   |  5.341   | 30.364 | 39.128 |  21.6  |
|            | 39.128 |   1.128   |   16.85   |  4.382   |        |        |        |
| WayPoint8  |  33.4  |    30.0   |   25.65   |  6.669   | 30.364 |  33.4  | 27.328 |
|            | 27.328 |   27.328  |     0     |   0.0    |        |        |        |
| WayPoint9  |  57.4  |    54.0   |   28.54   |   7.42   | 30.364 |  57.4  | 3.328  |
|            | 3.328  |   3.328   |     0     |   0.0    |        |        |        |
+------------+--------+-----------+-----------+----------+--------+--------+--------+
Average idleness: 41.497
-----------
Variance idleness: 255.086
-----------
Total visits: 10
