+------------+--------+-----------+-----------+----------+--------+--------+--------+
| Dest name  |  true  | remaining | estimated | path_len |  mean  |  max   |  min   |
+------------+--------+-----------+-----------+----------+--------+--------+--------+
| WayPoint1  | 60.171 |   15.97   |   35.99   |  9.358   | 60.171 | 60.171 | 60.171 |
| WayPoint10 | 36.804 |   33.004  |   26.01   |  6.762   | 30.086 | 36.804 | 23.367 |
|            | 23.367 |   9.971   |   38.59   |  10.032  |        |        |        |
| WayPoint2  | 60.171 |   13.971  |   38.41   |  9.987   | 60.171 | 60.171 | 60.171 |
| WayPoint3  | 60.171 |   22.97   |   44.95   |  11.686  | 60.171 | 60.171 | 60.171 |
| WayPoint4  | 60.171 |   56.57   |   40.48   |  10.525  | 60.171 | 60.171 | 60.171 |
| WayPoint5  |  43.8  |    40.0   |   35.95   |  9.346   | 30.085 |  43.8  | 16.371 |
|            | 16.371 |   16.371  |     0     |   0.0    |        |        |        |
| WayPoint6  | 45.201 |   41.001  |    38.7   |  10.063  | 30.085 | 45.201 | 14.97  |
|            | 14.97  |   14.97   |     0     |   0.0    |        |        |        |
| WayPoint7  | 60.171 |   56.771  |   19.44   |  5.054   | 60.171 | 60.171 | 60.171 |
| WayPoint8  | 60.171 |   56.771  |    32.7   |  8.501   | 60.171 | 60.171 | 60.171 |
| WayPoint9  | 49.201 |   45.001  |   18.22   |  4.738   | 30.085 | 49.201 | 10.97  |
|            | 10.97  |   10.97   |     0     |   0.0    |        |        |        |
+------------+--------+-----------+-----------+----------+--------+--------+--------+
Average idleness: 48.137
-----------
Variance idleness: 217.237
-----------
Total visits: 5
