+------------+--------+-----------+-----------+----------+--------+--------+--------+
| Dest name  |  true  | remaining | estimated | path_len |  mean  |  max   |  min   |
+------------+--------+-----------+-----------+----------+--------+--------+--------+
| WayPoint1  | 60.321 |   32.117  |   16.49   |  4.288   | 60.321 | 60.321 | 60.321 |
| WayPoint10 | 60.321 |   56.921  |   40.73   |  10.589  | 60.321 | 60.321 | 60.321 |
| WayPoint2  | 60.321 |   33.921  |   36.18   |  9.406   | 60.321 | 60.321 | 60.321 |
| WayPoint3  | 60.321 |   56.521  |   46.48   |  12.085  | 60.321 | 60.321 | 60.321 |
| WayPoint4  | 26.001 |   21.999  |   20.67   |  5.374   | 30.16  | 34.32  | 26.001 |
|            | 34.32  |    6.32   |   22.93   |  5.963   |        |        |        |
| WayPoint5  | 56.208 |   52.008  |   51.44   |  13.374  | 30.16  | 56.208 | 4.113  |
|            | 4.113  |   4.113   |     0     |   0.0    |        |        |        |
| WayPoint6  |  27.2  |    23.0   |   20.48   |  5.326   | 30.16  | 33.121 |  27.2  |
|            | 33.121 |   3.121   |   48.24   |  12.543  |        |        |        |
| WayPoint7  |  53.0  |    30.0   |   11.36   |  2.953   | 30.16  |  53.0  | 7.321  |
|            | 7.321  |   7.321   |     0     |   0.0    |        |        |        |
| WayPoint8  |  22.0  |   17.998  |   20.54   |   5.34   | 30.16  | 38.321 |  22.0  |
|            | 38.321 |    6.32   |   28.89   |  7.512   |        |        |        |
| WayPoint9  |  53.0  |   48.998  |   38.52   |  10.015  | 30.16  |  53.0  | 7.321  |
|            | 7.321  |   7.321   |     0     |   0.0    |        |        |        |
+------------+--------+-----------+-----------+----------+--------+--------+--------+
Average idleness: 42.224
-----------
Variance idleness: 218.325
-----------
Total visits: 9
