+------------+--------+-----------+-----------+----------+--------+--------+--------+
| Dest name  |  true  | remaining | estimated | path_len |  mean  |  max   |  min   |
+------------+--------+-----------+-----------+----------+--------+--------+--------+
| WayPoint1  | 60.323 |   56.123  |   20.84   |  5.418   | 60.323 | 60.323 | 60.323 |
| WayPoint10 | 60.323 |   56.323  |   33.64   |  8.747   | 60.323 | 60.323 | 60.323 |
| WayPoint2  | 60.324 |   60.324  |     0     |   0.0    | 60.324 | 60.324 | 60.324 |
| WayPoint3  | 60.324 |   30.121  |    27.7   |  7.203   | 60.324 | 60.324 | 60.324 |
| WayPoint4  | 60.324 |   56.924  |   32.47   |  8.441   | 60.324 | 60.324 | 60.324 |
| WayPoint5  | 60.324 |   56.124  |   57.29   |  14.896  | 60.324 | 60.324 | 60.324 |
| WayPoint6  | 60.324 |   56.924  |    38.7   |  10.063  | 60.324 | 60.324 | 60.324 |
| WayPoint7  |  29.2  |    25.0   |   20.54   |  5.341   | 30.162 | 31.124 |  29.2  |
|            | 31.124 |   31.124  |     0     |   0.0    |        |        |        |
| WayPoint8  | 60.324 |   60.324  |     0     |   0.0    | 60.324 | 60.324 | 60.324 |
| WayPoint9  | 60.324 |   56.324  |   18.22   |  4.738   | 60.324 | 60.324 | 60.324 |
+------------+--------+-----------+-----------+----------+--------+--------+--------+
Average idleness: 57.308
-----------
Variance idleness: 81.876
-----------
Total visits: 1
