+------------+--------+-----------+-----------+----------+--------+--------+--------+
| Dest name  |  true  | remaining | estimated | path_len |  mean  |  max   |  min   |
+------------+--------+-----------+-----------+----------+--------+--------+--------+
| WayPoint1  |  15.8  |    13.0   |    16.0   |  4.161   | 30.12  | 44.441 |  15.8  |
|            | 44.441 |   24.236  |   33.22   |  8.636   |        |        |        |
| WayPoint10 | 35.001 |   31.997  |   30.49   |  7.929   | 30.12  | 35.001 | 25.24  |
|            | 25.24  |   25.24   |     0     |   0.0    |        |        |        |
| WayPoint2  | 60.241 |   19.033  |   51.48   |  13.384  | 60.241 | 60.241 | 60.241 |
| WayPoint3  | 60.241 |   57.638  |   28.32   |  7.364   | 60.241 | 60.241 | 60.241 |
| WayPoint4  | 60.241 |   57.237  |   41.91   |  10.898  | 60.241 | 60.241 | 60.241 |
| WayPoint5  |  40.8  |    38.0   |   35.95   |  9.346   | 30.12  |  40.8  | 19.441 |
|            | 19.441 |   15.841  |   48.14   |  12.516  |        |        |        |
| WayPoint6  |  43.4  |   26.999  |   26.29   |  6.835   | 30.12  |  43.4  | 16.841 |
|            | 16.841 |   15.24   |   20.52   |  5.334   |        |        |        |
| WayPoint7  | 16.001 |   12.997  |   11.39   |  2.961   | 30.12  | 44.24  | 16.001 |
|            | 44.24  |   11.837  |   19.07   |  4.958   |        |        |        |
| WayPoint8  |  44.6  |   41.997  |    26.0   |  6.761   | 30.12  |  44.6  | 15.641 |
|            | 15.641 |   15.641  |     0     |   0.0    |        |        |        |
| WayPoint9  |  47.4  |   30.999  |   19.45   |  5.058   | 30.12  |  47.4  | 12.841 |
|            | 12.841 |   12.841  |     0     |   0.0    |        |        |        |
+------------+--------+-----------+-----------+----------+--------+--------+--------+
Average idleness: 39.156
-----------
Variance idleness: 190.528
-----------
Total visits: 11
