+-----------+--------+-----------+-----------+--------+--------+--------+
| Dest name |  true  | remaining | estimated |  mean  |  max   |  min   |
+-----------+--------+-----------+-----------+--------+--------+--------+
| WayPoint1 | 23.801 |    21.0   |   22.05   | 30.163 | 36.524 | 23.801 |
|           | 36.524 |   32.525  |   11.66   |        |        |        |
| WayPoint2 | 40.401 |    16.6   |   11.65   | 30.163 | 40.401 | 19.925 |
|           | 19.925 |   19.925  |     0     |        |        |        |
| WayPoint3 | 60.326 |   23.325  |   34.43   | 60.326 | 60.326 | 60.326 |
| WayPoint4 |  49.6  |   46.997  |   22.03   | 30.163 |  49.6  | 10.726 |
|           | 10.726 |   10.726  |     0     |        |        |        |
| WayPoint5 | 60.326 |   10.726  |   14.68   | 60.326 | 60.326 | 60.326 |
| WayPoint6 |  51.2  |   48.399  |   25.54   | 30.164 |  51.2  | 9.127  |
|           | 9.127  |   7.927   |     0     |        |        |        |
| WayPoint7 | 34.205 |   19.005  |   14.98   | 30.163 | 34.205 | 26.122 |
|           | 26.122 |   26.122  |     0     |        |        |        |
| WayPoint8 | 20.003 |   16.996  |    17.5   | 30.163 | 40.324 | 20.003 |
|           | 40.324 |   40.324  |    17.5   |        |        |        |
| WayPoint9 | 60.327 |   9.127   |   29.61   | 60.327 | 60.327 | 60.327 |
+-----------+--------+-----------+-----------+--------+--------+--------+
Average idleness: 40.218
-----------
Variance idleness: 202.181
-----------
Total visits: 12
