+-----------+--------+-----------+-----------+--------+--------+--------+
| Dest name |  true  | remaining | estimated |  mean  |  max   |  min   |
+-----------+--------+-----------+-----------+--------+--------+--------+
| WayPoint1 | 60.382 |   56.582  |   23.63   | 60.382 | 60.382 | 60.382 |
| WayPoint2 | 60.382 |   60.382  |     0     | 60.382 | 60.382 | 60.382 |
| WayPoint3 | 60.382 |   60.382  |     0     | 60.382 | 60.382 | 60.382 |
| WayPoint4 | 60.382 |   17.582  |   22.03   | 60.382 | 60.382 | 60.382 |
| WayPoint5 | 60.383 |   26.583  |   14.68   | 60.383 | 60.383 | 60.383 |
| WayPoint6 | 14.801 |   11.001  |   27.84   | 30.192 | 45.582 | 14.801 |
|           | 45.582 |   45.582  |   15.01   |        |        |        |
| WayPoint7 |  41.8  |    38.0   |   14.97   | 30.191 |  41.8  | 18.583 |
|           | 18.583 |   18.583  |     0     |        |        |        |
| WayPoint8 |  32.8  |    17.0   |   17.47   | 30.191 |  32.8  | 27.583 |
|           | 27.583 |   27.583  |     0     |        |        |        |
| WayPoint9 | 60.383 |   60.383  |     0     | 60.383 | 60.383 | 60.383 |
+-----------+--------+-----------+-----------+--------+--------+--------+
Average idleness: 50.319
-----------
Variance idleness: 202.555
-----------
Total visits: 6
