+------------+--------+-----------+-----------+--------+--------+--------+
| Dest name  |  true  | remaining | estimated |  mean  |  max   |  min   |
+------------+--------+-----------+-----------+--------+--------+--------+
| WayPoint1  |  36.8  |    34.0   |   33.53   | 30.074 |  36.8  | 23.348 |
|            | 23.348 |   23.348  |     0     |        |        |        |
| WayPoint10 | 60.148 |   60.148  |     0     | 60.148 | 60.148 | 60.148 |
| WayPoint2  | 60.148 |   60.148  |     0     | 60.148 | 60.148 | 60.148 |
| WayPoint3  | 60.148 |   60.148  |     0     | 60.148 | 60.148 | 60.148 |
| WayPoint4  | 60.148 |   13.948  |   22.93   | 60.148 | 60.148 | 60.148 |
| WayPoint5  | 60.148 |   57.148  |   57.29   | 60.148 | 60.148 | 60.148 |
| WayPoint6  | 60.148 |   60.148  |     0     | 60.148 | 60.148 | 60.148 |
| WayPoint7  |  45.2  |    11.0   |   11.36   | 30.074 |  45.2  | 14.948 |
|            | 14.948 |   14.948  |     0     |        |        |        |
| WayPoint8  |  33.2  |   29.999  |   25.65   | 30.074 |  33.2  | 26.948 |
|            | 26.948 |   26.948  |     0     |        |        |        |
| WayPoint9  | 60.148 |   22.348  |   20.87   | 60.148 | 60.148 | 60.148 |
+------------+--------+-----------+-----------+--------+--------+--------+
Average idleness: 51.126
-----------
Variance idleness: 189.934
-----------
Total visits: 3
