+------------+--------+-----------+-----------+--------+--------+--------+
| Dest name  |  true  | remaining | estimated |  mean  |  max   |  min   |
+------------+--------+-----------+-----------+--------+--------+--------+
| WayPoint1  | 60.306 |   57.502  |   35.18   | 60.306 | 60.306 | 60.306 |
| WayPoint10 | 60.306 |   4.505   |   45.74   | 60.306 | 60.306 | 60.306 |
| WayPoint2  | 54.805 |   52.001  |   45.81   | 30.153 | 54.805 | 5.501  |
|            | 5.501  |   5.501   |     0     |        |        |        |
| WayPoint3  | 60.306 |    24.7   |   39.17   | 60.306 | 60.306 | 60.306 |
| WayPoint4  | 60.306 |   60.306  |     0     | 60.306 | 60.306 | 60.306 |
| WayPoint5  | 60.306 |   60.306  |     0     | 60.306 | 60.306 | 60.306 |
| WayPoint6  | 60.306 |   60.306  |     0     | 60.306 | 60.306 | 60.306 |
| WayPoint7  | 60.306 |   60.306  |     0     | 60.306 | 60.306 | 60.306 |
| WayPoint8  | 34.602 |   32.002  |   25.65   | 30.153 | 34.602 | 25.704 |
|            | 25.704 |   25.704  |     0     |        |        |        |
| WayPoint9  | 60.306 |   60.306  |     0     | 60.306 | 60.306 | 60.306 |
+------------+--------+-----------+-----------+--------+--------+--------+
Average idleness: 54.275
-----------
Variance idleness: 145.473
-----------
Total visits: 2
