+------------+--------+-----------+-----------+--------+--------+--------+
| Dest name  |  true  | remaining | estimated |  mean  |  max   |  min   |
+------------+--------+-----------+-----------+--------+--------+--------+
| WayPoint1  |  51.0  |   47.998  |   33.53   | 30.169 |  51.0  | 9.339  |
|            | 9.339  |   9.339   |     0     |        |        |        |
| WayPoint10 | 60.339 |   57.739  |   33.64   | 60.339 | 60.339 | 60.339 |
| WayPoint2  | 60.339 |   35.335  |   38.46   | 60.339 | 60.339 | 60.339 |
| WayPoint3  | 60.339 |   9.339   |   44.94   | 60.339 | 60.339 | 60.339 |
| WayPoint4  | 60.339 |   60.339  |     0     | 60.339 | 60.339 | 60.339 |
| WayPoint5  | 60.339 |   60.339  |     0     | 60.339 | 60.339 | 60.339 |
| WayPoint6  | 24.601 |   22.001  |   18.38   | 30.169 | 35.738 | 24.601 |
|            | 35.738 |   35.738  |     0     |        |        |        |
| WayPoint7  | 60.339 |   60.339  |     0     | 60.339 | 60.339 | 60.339 |
| WayPoint8  | 60.339 |   60.339  |     0     | 60.339 | 60.339 | 60.339 |
| WayPoint9  | 60.339 |   60.339  |     0     | 60.339 | 60.339 | 60.339 |
+------------+--------+-----------+-----------+--------+--------+--------+
Average idleness: 54.305
-----------
Variance idleness: 145.637
-----------
Total visits: 2
