+------------+--------+-----------+-----------+--------+--------+--------+
| Dest name  |  true  | remaining | estimated |  mean  |  max   |  min   |
+------------+--------+-----------+-----------+--------+--------+--------+
| WayPoint1  | 60.329 |   28.329  |   26.14   | 60.329 | 60.329 | 60.329 |
| WayPoint10 | 60.329 |   57.929  |   38.76   | 60.329 | 60.329 | 60.329 |
| WayPoint2  | 60.329 |   60.329  |     0     | 60.329 | 60.329 | 60.329 |
| WayPoint3  | 60.329 |   60.329  |     0     | 60.329 | 60.329 | 60.329 |
| WayPoint4  | 60.329 |   60.329  |     0     | 60.329 | 60.329 | 60.329 |
| WayPoint5  |  41.0  |    38.0   |   35.95   | 30.165 |  41.0  | 19.329 |
|            | 19.329 |   19.329  |     0     |        |        |        |
| WayPoint6  |  31.0  |    10.0   |   10.54   | 30.165 |  31.0  | 29.329 |
|            | 29.329 |   29.329  |     0     |        |        |        |
| WayPoint7  |  20.0  |    17.0   |   20.54   | 30.165 | 40.329 |  20.0  |
|            | 40.329 |   40.329  |     0     |        |        |        |
| WayPoint8  | 60.329 |   60.329  |     0     | 60.329 | 60.329 | 60.329 |
| WayPoint9  | 60.329 |   18.329  |   56.99   | 60.329 | 60.329 | 60.329 |
+------------+--------+-----------+-----------+--------+--------+--------+
Average idleness: 51.28
-----------
Variance idleness: 191.072
-----------
Total visits: 3
