+------------+--------+-----------+-----------+--------+--------+--------+
| Dest name  |  true  | remaining | estimated |  mean  |  max   |  min   |
+------------+--------+-----------+-----------+--------+--------+--------+
| WayPoint1  |  46.8  |   26.999  |   26.14   | 30.16  |  46.8  | 13.521 |
|            | 13.521 |   13.521  |     0     |        |        |        |
| WayPoint10 |  44.2  |    24.0   |    20.6   | 30.16  |  44.2  | 16.121 |
|            | 16.121 |   16.121  |     0     |        |        |        |
| WayPoint2  |  36.6  |    34.0   |   36.28   | 30.16  |  36.6  | 23.721 |
|            | 23.721 |   23.721  |     0     |        |        |        |
| WayPoint3  | 60.321 |   57.52   |   12.63   | 60.321 | 60.321 | 60.321 |
| WayPoint4  | 60.321 |   60.321  |     0     | 60.321 | 60.321 | 60.321 |
| WayPoint5  | 60.321 |   15.121  |   55.77   | 60.321 | 60.321 | 60.321 |
| WayPoint6  |  18.8  |   15.999  |   18.38   | 30.16  | 41.521 |  18.8  |
|            | 41.521 |   41.521  |     0     |        |        |        |
| WayPoint7  |  19.6  |    17.0   |   20.54   | 30.16  | 40.721 |  19.6  |
|            | 40.721 |   40.721  |     0     |        |        |        |
| WayPoint8  | 60.322 |   23.122  |    37.9   | 60.322 | 60.322 | 60.322 |
| WayPoint9  | 60.322 |   13.121  |   35.02   | 60.322 | 60.322 | 60.322 |
+------------+--------+-----------+-----------+--------+--------+--------+
Average idleness: 45.241
-----------
Variance idleness: 227.428
-----------
Total visits: 5
