WayPoint10: 28.647, 1.0, 0.999, 1.0, 1.0, 1.001, 0.999, 1.0, 1.0, 1.0, 1.0, 16.048, 0.999, 1.001, 0.998, 1.0, 17.955, 0.999, 1.0, 1.001, 1.0, 0.999, 1.002, 0.999, 0.999, 1.001, 1.0, 0.999, 1.001, 1.0, 0.999, 1.001, 1.0, 1.002, 0.997, 1.001, 0.999, 1.001, 1.0, 1.0, 0.999, 1.001, 0.999, 1.0, 1.001, 32.999, 1.0, 1.001, 1.0, 0.999, 1.01, 0.99, 1.001, 0.999, 1.008, 0.993, 0.999, 1.0, 1.006, 0.995, 0.999, 1.001, 0.999, 1.001
WayPoint1: 
WayPoint2: 
WayPoint3: 
WayPoint4: 
WayPoint5: 
WayPoint6: 53.646, 1.0, 1.0, 1.001, 1.0, 0.999, 1.0
WayPoint7: 
WayPoint8: 
WayPoint9: 105.646
