WayPoint10: 31.546, 1.0, 1.001, 0.999, 1.0, 1.0, 1.003, 0.998, 70.945, 1.0, 1.0, 1.003, 0.997, 1.0, 0.997, 1.002, 1.001, 1.0, 1.0, 1.0, 1.001, 1.0, 0.999, 1.0, 1.001, 0.999, 0.999, 1.001, 0.999, 1.001, 1.0, 25.999, 1.003, 0.998, 1.002, 0.996, 1.003, 1.006, 0.993, 1.001, 0.999, 1.005, 0.996, 0.999, 1.0, 1.0, 1.0, 1.0, 1.0, 1.0, 1.001, 25.054, 1.001, 0.999, 1.002
WayPoint1: 132.492
WayPoint2: 
WayPoint3: 83.548
WayPoint4: 57.547, 1.001, 1.0, 0.998, 1.0, 1.0, 1.0, 1.0
WayPoint5: 
WayPoint6: 
WayPoint7: 
WayPoint8: 200.493
WayPoint9: 205.546
