+-----------+--------+-----------+-----------+--------+--------+--------+
| Dest name |  true  | remaining | estimated |  mean  |  max   |  min   |
+-----------+--------+-----------+-----------+--------+--------+--------+
| WayPoint1 | 43.135 |    25.0   |   11.66   | 25.209 | 43.135 | 3.999  |
|           | 3.999  |   0.112   |   23.63   |        |        |        |
|           | 28.493 |   27.492  |     0     |        |        |        |
| WayPoint2 | 75.627 |   0.577   |   11.65   | 75.627 | 75.627 | 75.627 |
| WayPoint3 | 75.627 |   57.969  |   34.43   | 75.627 | 75.627 | 75.627 |
| WayPoint4 | 75.627 |   41.493  |   22.03   | 75.627 | 75.627 | 75.627 |
| WayPoint5 | 75.627 |   57.746  |   14.68   | 75.627 | 75.627 | 75.627 |
| WayPoint6 | 75.627 |   57.853  |   17.35   | 75.627 | 75.627 | 75.627 |
| WayPoint7 | 75.627 |   7.591   |   14.97   | 75.627 | 75.627 | 75.627 |
| WayPoint8 | 69.134 |   51.722  |    17.5   | 37.816 | 69.134 | 6.497  |
|           | 6.497  |   6.497   |     0     |        |        |        |
| WayPoint9 | 75.633 |   58.095  |   27.88   | 75.633 | 75.633 | 75.633 |
+-----------+--------+-----------+-----------+--------+--------+--------+
Average idleness: 65.824
-----------
Variance idleness: 345.204
-----------
Total visits: 12
