+------------+--------+-----------+-----------+----------+--------+--------+--------+
| Dest name  |  true  | remaining | estimated | path_len |  mean  |  max   |  min   |
+------------+--------+-----------+-----------+----------+--------+--------+--------+
| WayPoint1  | 60.181 |   57.178  |   25.57   |  6.649   | 60.181 | 60.181 | 60.181 |
| WayPoint10 | 60.181 |   57.78   |   33.64   |  8.747   | 60.181 | 60.181 | 60.181 |
| WayPoint2  | 60.181 |   57.178  |   36.28   |  9.432   | 60.181 | 60.181 | 60.181 |
| WayPoint3  | 60.181 |   16.981  |   38.79   |  10.085  | 60.181 | 60.181 | 60.181 |
| WayPoint4  | 60.181 |   43.181  |   32.87   |  8.545   | 60.181 | 60.181 | 60.181 |
| WayPoint5  | 57.001 |   53.998  |   51.44   |  13.374  | 30.09  | 57.001 |  3.18  |
|            |  3.18  |    3.18   |     0     |   0.0    |        |        |        |
| WayPoint6  |  16.6  |    14.0   |   18.27   |   4.75   | 30.091 | 43.583 |  16.6  |
|            | 43.583 |   2.582   |   48.05   |  12.493  |        |        |        |
| WayPoint7  | 60.184 |   57.181  |   38.22   |  9.937   | 60.184 | 60.184 | 60.184 |
| WayPoint8  |  42.6  |    40.0   |    26.0   |  6.761   | 30.092 |  42.6  | 17.584 |
|            | 17.584 |   17.584  |     0     |   0.0    |        |        |        |
| WayPoint9  | 60.184 |   57.181  |   18.12   |  4.711   | 60.184 | 60.184 | 60.184 |
+------------+--------+-----------+-----------+----------+--------+--------+--------+
Average idleness: 51.155
-----------
Variance idleness: 190.147
-----------
Total visits: 4
