+------------+--------+-----------+-----------+----------+--------+--------+--------+
| Dest name  |  true  | remaining | estimated | path_len |  mean  |  max   |  min   |
+------------+--------+-----------+-----------+----------+--------+--------+--------+
| WayPoint1  | 60.24  |    9.84   |   16.04   |  4.171   | 60.24  | 60.24  | 60.24  |
| WayPoint10 |  49.8  |    47.0   |   30.49   |  7.929   | 30.12  |  49.8  | 10.44  |
|            | 10.44  |   10.44   |     0     |   0.0    |        |        |        |
| WayPoint2  |  49.8  |    47.0   |   37.81   |   9.83   | 30.12  |  49.8  | 10.44  |
|            | 10.44  |    9.84   |   45.83   |  11.915  |        |        |        |
| WayPoint3  |  40.8  |    38.0   |   12.63   |  3.283   | 30.12  |  40.8  | 19.44  |
|            | 19.44  |   1.831   |   42.89   |  11.15   |        |        |        |
| WayPoint4  | 60.24  |   56.838  |   36.08   |   9.38   | 60.24  | 60.24  | 60.24  |
| WayPoint5  |  57.8  |   55.398  |   15.56   |  4.047   | 30.123 |  57.8  | 2.447  |
|            | 2.447  |   2.447   |     0     |   0.0    |        |        |        |
| WayPoint6  | 60.247 |   56.845  |    48.3   |  12.558  | 60.247 | 60.247 | 60.247 |
| WayPoint7  | 60.247 |   19.047  |   20.19   |  5.249   | 60.247 | 60.247 | 60.247 |
| WayPoint8  | 60.247 |   57.647  |    28.8   |  7.489   | 60.247 | 60.247 | 60.247 |
| WayPoint9  | 60.247 |   57.647  |   38.52   |  10.015  | 60.247 | 60.247 | 60.247 |
+------------+--------+-----------+-----------+----------+--------+--------+--------+
Average idleness: 48.195
-----------
Variance idleness: 217.788
-----------
Total visits: 6
