+------------+--------+-----------+-----------+----------+--------+--------+--------+
| Dest name  |  true  | remaining | estimated | path_len |  mean  |  max   |  min   |
+------------+--------+-----------+-----------+----------+--------+--------+--------+
| WayPoint1  |  53.6  |    27.0   |   28.02   |  7.285   | 30.16  |  53.6  | 6.721  |
|            | 6.721  |   4.721   |   33.53   |  8.719   |        |        |        |
| WayPoint10 |  55.2  |    51.0   |   38.69   |  10.059  | 30.161 |  55.2  | 5.121  |
|            | 5.121  |   5.121   |     0     |   0.0    |        |        |        |
| WayPoint2  | 56.202 |   52.002  |   36.28   |  9.432   | 30.16  | 56.202 | 4.119  |
|            | 4.119  |   4.119   |     0     |   0.0    |        |        |        |
| WayPoint3  | 60.321 |   25.117  |   39.57   |  10.289  | 60.321 | 60.321 | 60.321 |
| WayPoint4  | 60.321 |   56.721  |   32.86   |  8.542   | 60.321 | 60.321 | 60.321 |
| WayPoint5  | 60.321 |   56.121  |   51.44   |  13.374  | 60.321 | 60.321 | 60.321 |
| WayPoint6  |  25.6  |    22.0   |   20.48   |  5.326   | 30.16  | 34.721 |  25.6  |
|            | 34.721 |   5.721   |   26.79   |  6.966   |        |        |        |
| WayPoint7  | 60.321 |   56.721  |   38.22   |  9.937   | 60.321 | 60.321 | 60.321 |
| WayPoint8  |  34.2  |    30.0   |   25.65   |  6.669   | 30.16  |  34.2  | 26.121 |
|            | 26.121 |   3.721   |   38.33   |  9.965   |        |        |        |
| WayPoint9  | 60.321 |   56.121  |   38.52   |  10.015  | 60.321 | 60.321 | 60.321 |
+------------+--------+-----------+-----------+----------+--------+--------+--------+
Average idleness: 45.241
-----------
Variance idleness: 227.418
-----------
Total visits: 8
