+------------+--------+-----------+-----------+----------+--------+--------+--------+
| Dest name  |  true  | remaining | estimated | path_len |  mean  |  max   |  min   |
+------------+--------+-----------+-----------+----------+--------+--------+--------+
| WayPoint1  | 60.281 |   57.681  |   33.53   |  8.719   | 60.281 | 60.281 | 60.281 |
| WayPoint10 |  30.4  |   27.599  |   30.49   |  7.929   | 30.14  |  30.4  | 29.881 |
|            | 29.881 |   2.881   |    0.0    |   0.0    |        |        |        |
| WayPoint2  |  56.8  |   53.999  |   37.82   |  9.833   | 30.14  |  56.8  | 3.481  |
|            | 3.481  |   3.481   |     0     |   0.0    |        |        |        |
| WayPoint3  |  30.8  |   27.999  |   23.48   |  6.104   | 30.141 |  30.8  | 29.481 |
|            | 29.481 |   18.881  |    43.7   |  11.362  |        |        |        |
| WayPoint4  | 60.281 |   28.88   |   40.39   |  10.502  | 60.281 | 60.281 | 60.281 |
| WayPoint5  |  40.4  |    37.4   |   15.56   |  4.047   | 30.14  |  40.4  | 19.881 |
|            | 19.881 |   19.881  |     0     |   0.0    |        |        |        |
| WayPoint6  |  15.6  |    13.0   |   18.38   |  4.779   | 30.14  | 44.681 |  15.6  |
|            | 44.681 |   28.88   |   37.56   |  9.767   |        |        |        |
| WayPoint7  | 60.281 |   44.081  |   10.54   |  2.741   | 60.281 | 60.281 | 60.281 |
| WayPoint8  | 60.281 |   56.681  |   47.87   |  12.445  | 60.281 | 60.281 | 60.281 |
| WayPoint9  | 60.281 |   57.681  |   35.02   |  9.104   | 60.281 | 60.281 | 60.281 |
+------------+--------+-----------+-----------+----------+--------+--------+--------+
Average idleness: 45.211
-----------
Variance idleness: 227.117
-----------
Total visits: 8
