+------------+--------+-----------+-----------+----------+--------+--------+--------+
| Dest name  |  true  | remaining | estimated | path_len |  mean  |  max   |  min   |
+------------+--------+-----------+-----------+----------+--------+--------+--------+
| WayPoint1  | 60.162 |   36.762  |   25.62   |   6.66   | 60.162 | 60.162 | 60.162 |
| WayPoint10 | 60.162 |   56.359  |   40.73   |  10.589  | 60.162 | 60.162 | 60.162 |
| WayPoint2  |  50.2  |    32.0   |   28.66   |  7.451   | 30.081 |  50.2  | 9.962  |
|            | 9.962  |   9.962   |     0     |   0.0    |        |        |        |
| WayPoint3  | 60.162 |   56.162  |   46.59   |  12.112  | 60.162 | 60.162 | 60.162 |
| WayPoint4  |  29.0  |    25.0   |   20.67   |  5.374   | 30.081 | 31.162 |  29.0  |
|            | 31.162 |   31.162  |     0     |   0.0    |        |        |        |
| WayPoint5  | 60.162 |   56.962  |   51.44   |  13.374  | 60.162 | 60.162 | 60.162 |
| WayPoint6  | 60.162 |   56.162  |   30.54   |  7.941   | 60.162 | 60.162 | 60.162 |
| WayPoint7  |  17.2  |   12.999  |   11.39   |  2.961   | 30.081 | 42.962 |  17.2  |
|            | 42.962 |   30.762  |    23.0   |  5.979   |        |        |        |
| WayPoint8  | 22.403 |   18.002  |   20.54   |   5.34   | 30.081 | 37.759 | 22.403 |
|            | 37.759 |   8.957   |   37.89   |  9.853   |        |        |        |
| WayPoint9  | 60.162 |   56.359  |   57.05   |  14.834  | 60.162 | 60.162 | 60.162 |
+------------+--------+-----------+-----------+----------+--------+--------+--------+
Average idleness: 48.13
-----------
Variance idleness: 217.168
-----------
Total visits: 6
