+------------+--------+-----------+-----------+----------+--------+--------+--------+
| Dest name  |  true  | remaining | estimated | path_len |  mean  |  max   |  min   |
+------------+--------+-----------+-----------+----------+--------+--------+--------+
| WayPoint1  | 32.201 |   29.001  |   25.57   |  6.649   | 20.149 | 32.201 | 11.847 |
|            | 16.399 |    13.0   |    13.4   |  3.483   |        |        |        |
|            | 11.847 |   9.246   |   16.97   |  4.412   |        |        |        |
| WayPoint10 | 60.447 |   57.247  |   45.98   |  11.954  | 60.447 | 60.447 | 60.447 |
| WayPoint2  | 54.801 |   51.997  |    16.0   |   4.16   | 30.224 | 54.801 | 5.646  |
|            | 5.646  |   5.646   |     0     |   0.0    |        |        |        |
| WayPoint3  | 35.202 |   32.002  |   28.32   |  7.364   | 30.224 | 35.202 | 25.245 |
|            | 25.245 |   5.246   |   23.48   |  6.104   |        |        |        |
| WayPoint4  | 60.447 |   57.643  |   40.48   |  10.525  | 60.447 | 60.447 | 60.447 |
| WayPoint5  | 60.447 |   57.247  |    48.1   |  12.506  | 60.447 | 60.447 | 60.447 |
| WayPoint6  |  17.8  |   14.996  |   18.38   |  4.779   | 30.224 | 42.647 |  17.8  |
|            | 42.647 |   10.847  |   26.97   |  7.012   |        |        |        |
| WayPoint7  |  50.2  |    17.0   |   16.89   |  4.392   | 30.224 |  50.2  | 10.247 |
|            | 10.247 |   10.247  |     0     |   0.0    |        |        |        |
| WayPoint8  | 60.447 |   42.044  |   20.54   |   5.34   | 60.447 | 60.447 | 60.447 |
| WayPoint9  | 60.447 |   57.247  |   57.05   |  14.834  | 60.447 | 60.447 | 60.447 |
+------------+--------+-----------+-----------+----------+--------+--------+--------+
Average idleness: 44.328
-----------
Variance idleness: 267.943
-----------
Total visits: 9
