+------------+--------+-----------+-----------+----------+--------+--------+--------+
| Dest name  |  true  | remaining | estimated | path_len |  mean  |  max   |  min   |
+------------+--------+-----------+-----------+----------+--------+--------+--------+
| WayPoint1  |  16.2  |    13.0   |    16.0   |  4.161   | 30.117 | 44.033 |  16.2  |
|            | 44.033 |   38.031  |   25.65   |  6.668   |        |        |        |
| WayPoint10 | 60.233 |   57.633  |   40.73   |  10.589  | 60.233 | 60.233 | 60.233 |
| WayPoint2  | 60.233 |   20.832  |   30.05   |  7.814   | 60.233 | 60.233 | 60.233 |
| WayPoint3  | 60.233 |   57.429  |   36.95   |  9.608   | 60.233 | 60.233 | 60.233 |
| WayPoint4  | 60.233 |   43.033  |   21.85   |  5.681   | 60.233 | 60.233 | 60.233 |
| WayPoint5  | 60.233 |   57.833  |   57.29   |  14.896  | 60.233 | 60.233 | 60.233 |
| WayPoint6  | 60.233 |   57.429  |    48.3   |  12.558  | 60.233 | 60.233 | 60.233 |
| WayPoint7  |  38.4  |    36.0   |   20.54   |  5.341   | 30.116 |  38.4  | 21.833 |
|            | 21.833 |   21.833  |     0     |   0.0    |        |        |        |
| WayPoint8  | 21.205 |   18.005  |   20.54   |   5.34   | 30.116 | 39.028 | 21.205 |
|            | 39.028 |   39.028  |     0     |   0.0    |        |        |        |
| WayPoint9  | 60.233 |   57.232  |   35.02   |  9.104   | 60.233 | 60.233 | 60.233 |
+------------+--------+-----------+-----------+----------+--------+--------+--------+
Average idleness: 51.198
-----------
Variance idleness: 190.473
-----------
Total visits: 4
