+------------+--------+-----------+-----------+----------+--------+--------+--------+
| Dest name  |  true  | remaining | estimated | path_len |  mean  |  max   |  min   |
+------------+--------+-----------+-----------+----------+--------+--------+--------+
| WayPoint1  |  17.0  |   13.999  |    16.0   |  4.161   | 30.123 | 43.247 |  17.0  |
|            | 43.247 |   17.247  |    21.3   |  5.537   |        |        |        |
| WayPoint10 | 60.247 |   57.246  |   40.73   |  10.589  | 60.247 | 60.247 | 60.247 |
| WayPoint2  | 60.247 |   57.446  |   47.48   |  12.345  | 60.247 | 60.247 | 60.247 |
| WayPoint3  |  44.4  |    42.0   |   12.63   |  3.283   | 30.123 |  44.4  | 15.847 |
|            | 15.847 |   13.246  |    27.5   |  7.149   |        |        |        |
| WayPoint4  | 15.802 |   13.001  |   15.66   |   4.07   | 20.082 | 26.198 | 15.802 |
|            | 26.198 |   23.999  |   22.38   |  5.818   |        |        |        |
|            | 18.247 |   8.646   |   41.79   |  10.867  |        |        |        |
| WayPoint5  | 60.248 |   51.848  |   38.31   |   9.96   | 60.248 | 60.248 | 60.248 |
| WayPoint6  | 33.601 |    31.0   |   30.54   |  7.941   | 30.124 | 33.601 | 26.647 |
|            | 26.647 |   14.848  |   37.57   |  9.768   |        |        |        |
| WayPoint7  |  8.0   |   4.999   |   10.54   |  2.741   | 20.083 |  38.2  |  8.0   |
|            |  38.2  |   11.998  |   11.38   |  2.959   |        |        |        |
|            | 14.048 |   14.048  |     0     |   0.0    |        |        |        |
| WayPoint8  | 60.248 |   43.848  |    32.6   |  8.475   | 60.248 | 60.248 | 60.248 |
| WayPoint9  | 51.001 |    48.0   |   28.54   |   7.42   | 30.124 | 51.001 | 9.247  |
|            | 9.247  |   9.247   |     0     |   0.0    |        |        |        |
+------------+--------+-----------+-----------+----------+--------+--------+--------+
Average idleness: 40.165
-----------
Variance idleness: 282.317
-----------
Total visits: 12
