+------------+--------+-----------+-----------+----------+--------+--------+--------+
| Dest name  |  true  | remaining | estimated | path_len |  mean  |  max   |  min   |
+------------+--------+-----------+-----------+----------+--------+--------+--------+
| WayPoint1  | 60.146 |   57.546  |   35.18   |  9.148   | 60.146 | 60.146 | 60.146 |
| WayPoint10 | 60.146 |   56.946  |   55.86   |  14.523  | 60.146 | 60.146 | 60.146 |
| WayPoint2  | 43.202 |   40.002  |   38.48   |  10.004  | 30.073 | 43.202 | 16.944 |
|            | 16.944 |   3.946   |   36.84   |  9.578   |        |        |        |
| WayPoint3  |  30.2  |    27.6   |   23.48   |  6.104   | 30.073 |  30.2  | 29.946 |
|            | 29.946 |   22.943  |   43.46   |  11.301  |        |        |        |
| WayPoint4  |  55.6  |    53.0   |   32.47   |  8.441   | 30.073 |  55.6  | 4.546  |
|            | 4.546  |   4.546   |     0     |   0.0    |        |        |        |
| WayPoint5  |  36.2  |    33.0   |   15.56   |  4.047   | 30.073 |  36.2  | 23.946 |
|            | 23.946 |   15.945  |   51.35   |  13.352  |        |        |        |
| WayPoint6  | 34.003 |   12.002  |   11.27   |  2.931   | 30.073 | 34.003 | 26.143 |
|            | 26.143 |   0.143   |    18.0   |   4.68   |        |        |        |
| WayPoint7  |  21.6  |    19.0   |   20.54   |  5.341   | 30.073 | 38.546 |  21.6  |
|            | 38.546 |   28.945  |   27.52   |  7.156   |        |        |        |
| WayPoint8  | 60.146 |   24.946  |   20.94   |  5.445   | 60.146 | 60.146 | 60.146 |
| WayPoint9  |  59.6  |    57.0   |   35.02   |  9.104   | 30.073 |  59.6  | 0.546  |
|            | 0.546  |   0.546   |     0     |   0.0    |        |        |        |
+------------+--------+-----------+-----------+----------+--------+--------+--------+
Average idleness: 39.095
-----------
Variance idleness: 189.921
-----------
Total visits: 12
