+------------+--------+-----------+-----------+----------+--------+--------+--------+
| Dest name  |  true  | remaining | estimated | path_len |  mean  |  max   |  min   |
+------------+--------+-----------+-----------+----------+--------+--------+--------+
| WayPoint1  | 60.145 |   57.345  |   25.55   |  6.644   | 60.145 | 60.145 | 60.145 |
| WayPoint10 | 60.145 |   24.945  |   56.86   |  14.785  | 60.145 | 60.145 | 60.145 |
| WayPoint2  | 60.145 |   6.744   |   28.47   |  7.403   | 60.145 | 60.145 | 60.145 |
| WayPoint3  |  59.6  |   56.999  |   43.45   |  11.297  | 30.073 |  59.6  | 0.545  |
|            | 0.545  |   0.545   |     0     |   0.0    |        |        |        |
| WayPoint4  | 60.145 |   56.744  |   32.85   |  8.542   | 60.145 | 60.145 | 60.145 |
| WayPoint5  |  34.6  |   31.999  |   15.56   |  4.047   | 30.073 |  34.6  | 25.545 |
|            | 25.545 |   25.545  |   43.53   |  11.318  |        |        |        |
| WayPoint6  | 60.145 |   57.544  |   26.29   |  6.835   | 60.145 | 60.145 | 60.145 |
| WayPoint7  |  52.4  |   48.999  |   28.55   |  7.423   | 30.072 |  52.4  | 7.745  |
|            | 7.745  |   7.745   |     0     |   0.0    |        |        |        |
| WayPoint8  | 60.145 |   57.544  |    28.8   |  7.489   | 60.145 | 60.145 | 60.145 |
| WayPoint9  | 60.145 |   57.544  |   38.52   |  10.015  | 60.145 | 60.145 | 60.145 |
+------------+--------+-----------+-----------+----------+--------+--------+--------+
Average idleness: 51.123
-----------
Variance idleness: 189.912
-----------
Total visits: 4
