+-----------+--------+-----------+-----------+----------+--------+--------+--------+
| Dest name |  true  | remaining | estimated | path_len |  mean  |  max   |  min   |
+-----------+--------+-----------+-----------+----------+--------+--------+--------+
| WayPoint1 | 60.197 |   23.597  |   31.48   |  8.184   | 60.197 | 60.197 | 60.197 |
| WayPoint2 | 35.601 |   33.001  |   31.53   |  8.198   | 30.099 | 35.601 | 24.596 |
|           | 24.596 |   24.596  |     0     |   0.0    |        |        |        |
| WayPoint3 |  48.6  |    19.0   |   18.69   |  4.859   | 30.099 |  48.6  | 11.597 |
|           | 11.597 |   11.597  |     0     |   0.0    |        |        |        |
| WayPoint4 |  28.6  |    26.0   |   29.48   |  7.664   | 30.099 | 31.597 |  28.6  |
|           | 31.597 |   10.592  |    18.7   |  4.862   |        |        |        |
| WayPoint5 | 60.197 |   57.597  |   69.78   |  18.142  | 60.197 | 60.197 | 60.197 |
| WayPoint6 | 60.197 |   60.197  |     0     |   0.0    | 60.197 | 60.197 | 60.197 |
| WayPoint7 | 60.197 |   60.197  |     0     |   0.0    | 60.197 | 60.197 | 60.197 |
+-----------+--------+-----------+-----------+----------+--------+--------+--------+
Average idleness: 47.298
-----------
Variance idleness: 221.851
-----------
Total visits: 4
