+-----------+--------+-----------+-----------+----------+--------+--------+--------+
| Dest name |  true  | remaining | estimated | path_len |  mean  |  max   |  min   |
+-----------+--------+-----------+-----------+----------+--------+--------+--------+
| WayPoint1 |  36.6  |    17.0   |   17.44   |  4.534   | 30.111 |  36.6  | 23.622 |
|           | 23.622 |   23.622  |     0     |   0.0    |        |        |        |
| WayPoint2 | 60.222 |   60.222  |     0     |   0.0    | 60.222 | 60.222 | 60.222 |
| WayPoint3 |  15.6  |    13.0   |   11.98   |  3.116   | 30.111 | 44.622 |  15.6  |
|           | 44.622 |   44.622  |     0     |   0.0    |        |        |        |
| WayPoint4 | 60.222 |   57.622  |   64.22   |  16.698  | 60.222 | 60.222 | 60.222 |
| WayPoint5 | 60.222 |   43.622  |   34.24   |  8.903   | 60.222 | 60.222 | 60.222 |
| WayPoint6 | 18.601 |   16.001  |   16.38   |  4.258   | 30.111 | 41.621 | 18.601 |
|           | 41.621 |   41.621  |     0     |   0.0    |        |        |        |
| WayPoint7 | 60.222 |   22.622  |    32.5   |  8.449   | 60.222 | 60.222 | 60.222 |
+-----------+--------+-----------+-----------+----------+--------+--------+--------+
Average idleness: 47.317
-----------
Variance idleness: 222.042
-----------
Total visits: 3
