+-----------+--------+-----------+-----------+----------+--------+--------+--------+
| Dest name |  true  | remaining | estimated | path_len |  mean  |  max   |  min   |
+-----------+--------+-----------+-----------+----------+--------+--------+--------+
| WayPoint1 |  24.6  |    22.0   |    16.4   |  4.264   | 30.117 | 35.635 |  24.6  |
|           | 35.635 |   20.634  |   33.41   |  8.685   |        |        |        |
| WayPoint2 | 60.235 |   60.235  |     0     |   0.0    | 60.235 | 60.235 | 60.235 |
| WayPoint3 | 60.235 |   10.635  |    55.3   |  14.378  | 60.235 | 60.235 | 60.235 |
| WayPoint4 | 60.235 |   34.635  |   49.91   |  12.978  | 60.235 | 60.235 | 60.235 |
| WayPoint5 | 60.235 |   60.235  |     0     |   0.0    | 60.235 | 60.235 | 60.235 |
| WayPoint6 |  48.6  |    46.0   |   47.51   |  12.351  | 30.117 |  48.6  | 11.635 |
|           | 11.635 |   11.635  |     0     |   0.0    |        |        |        |
| WayPoint7 |  38.6  |    36.0   |   32.43   |  8.431   | 30.117 |  38.6  | 21.635 |
|           | 21.635 |   21.635  |     0     |   0.0    |        |        |        |
+-----------+--------+-----------+-----------+----------+--------+--------+--------+
Average idleness: 47.327
-----------
Variance idleness: 222.145
-----------
Total visits: 4
