+-----------+--------+-----------+-----------+----------+--------+--------+--------+
| Dest name |  true  | remaining | estimated | path_len |  mean  |  max   |  min   |
+-----------+--------+-----------+-----------+----------+--------+--------+--------+
| WayPoint1 |  40.6  |    18.0   |    16.4   |  4.264   | 30.093 |  40.6  | 19.586 |
|           | 19.586 |   0.586   |   31.48   |  8.184   |        |        |        |
| WayPoint2 |  58.6  |    29.0   |   29.47   |  7.663   | 30.093 |  58.6  | 1.586  |
|           | 1.586  |   1.586   |     0     |   0.0    |        |        |        |
| WayPoint3 | 60.186 |   57.586  |   55.27   |  14.369  | 60.186 | 60.186 | 60.186 |
| WayPoint4 |  28.6  |    26.0   |   29.48   |  7.664   | 30.093 | 31.586 |  28.6  |
|           | 31.586 |   31.586  |     0     |   0.0    |        |        |        |
| WayPoint5 | 60.186 |   18.586  |   53.79   |  13.986  | 60.186 | 60.186 | 60.186 |
| WayPoint6 |  21.6  |    19.0   |   16.38   |  4.258   | 30.093 | 38.586 |  21.6  |
|           | 38.586 |   38.586  |     0     |   0.0    |        |        |        |
| WayPoint7 | 60.186 |   60.186  |     0     |   0.0    | 60.186 | 60.186 | 60.186 |
+-----------+--------+-----------+-----------+----------+--------+--------+--------+
Average idleness: 42.99
-----------
Variance idleness: 221.777
-----------
Total visits: 5
