+-----------+--------+-----------+-----------+----------+--------+--------+--------+
| Dest name |  true  | remaining | estimated | path_len |  mean  |  max   |  min   |
+-----------+--------+-----------+-----------+----------+--------+--------+--------+
| WayPoint1 | 60.198 |   29.598  |   53.95   |  14.028  | 60.198 | 60.198 | 60.198 |
| WayPoint2 | 60.198 |   12.598  |   11.96   |  3.108   | 60.198 | 60.198 | 60.198 |
| WayPoint3 |  46.6  |    44.0   |   39.27   |  10.211  | 30.099 |  46.6  | 13.598 |
|           | 13.598 |   13.598  |     0     |   0.0    |        |        |        |
| WayPoint4 | 60.198 |   13.598  |   64.22   |  16.698  | 60.198 | 60.198 | 60.198 |
| WayPoint5 |  29.6  |    27.0   |   23.26   |  6.047   | 30.099 | 30.598 |  29.6  |
|           | 30.598 |   30.598  |     0     |   0.0    |        |        |        |
| WayPoint6 |  45.6  |    21.0   |   19.84   |  5.157   | 30.099 |  45.6  | 14.598 |
|           | 14.598 |   14.598  |     0     |   0.0    |        |        |        |
| WayPoint7 |  23.6  |    21.0   |   19.79   |  5.146   | 30.099 | 36.598 |  23.6  |
|           | 36.598 |   36.598  |     0     |   0.0    |        |        |        |
+-----------+--------+-----------+-----------+----------+--------+--------+--------+
Average idleness: 42.999
-----------
Variance idleness: 221.865
-----------
Total visits: 4
