+-----------+--------+-----------+-----------+----------+--------+--------+--------+
| Dest name |  true  | remaining | estimated | path_len |  mean  |  max   |  min   |
+-----------+--------+-----------+-----------+----------+--------+--------+--------+
| WayPoint1 | 59.601 |   37.001  |   18.98   |  4.935   | 30.096 | 59.601 |  0.59  |
|           |  0.59  |    0.59   |     0     |   0.0    |        |        |        |
| WayPoint2 |  30.6  |    13.0   |   11.98   |  3.115   | 30.096 |  30.6  | 29.591 |
|           | 29.591 |   29.591  |     0     |   0.0    |        |        |        |
| WayPoint3 |  16.6  |    14.0   |   11.98   |  3.116   | 30.096 | 43.591 |  16.6  |
|           | 43.591 |   43.591  |     0     |   0.0    |        |        |        |
| WayPoint4 | 60.191 |   57.591  |   64.22   |  16.698  | 60.191 | 60.191 | 60.191 |
| WayPoint5 | 54.601 |   22.999  |   23.26   |  6.047   | 30.096 | 54.601 |  5.59  |
|           |  5.59  |    5.59   |     0     |   0.0    |        |        |        |
| WayPoint6 |  21.6  |    19.0   |   16.38   |  4.258   | 30.096 | 38.591 |  21.6  |
|           | 38.591 |   38.591  |     0     |   0.0    |        |        |        |
| WayPoint7 | 60.192 |   4.592   |   85.95   |  22.347  | 60.192 | 60.192 | 60.192 |
+-----------+--------+-----------+-----------+----------+--------+--------+--------+
Average idleness: 38.695
-----------
Variance idleness: 184.845
-----------
Total visits: 5
