+------------+--------+-----------+-----------+--------+--------+--------+
| Dest name  |  true  | remaining | estimated |  mean  |  max   |  min   |
+------------+--------+-----------+-----------+--------+--------+--------+
| WayPoint1  | 60.257 |   17.253  |   35.99   | 60.257 | 60.257 | 60.257 |
| WayPoint10 | 60.257 |   60.257  |     0     | 60.257 | 60.257 | 60.257 |
| WayPoint2  |  39.6  |    37.0   |   36.28   | 30.129 |  39.6  | 20.657 |
|            | 20.657 |   20.657  |     0     |        |        |        |
| WayPoint3  | 60.257 |   57.855  |   46.59   | 60.257 | 60.257 | 60.257 |
| WayPoint4  | 60.257 |   26.456  |   32.47   | 60.257 | 60.257 | 60.257 |
| WayPoint5  |  42.6  |    40.0   |   35.95   | 30.129 |  42.6  | 17.657 |
|            | 17.657 |   17.657  |     0     |        |        |        |
| WayPoint6  | 60.257 |   20.057  |   38.59   | 60.257 | 60.257 | 60.257 |
| WayPoint7  | 60.258 |   60.258  |     0     | 60.258 | 60.258 | 60.258 |
| WayPoint8  | 32.804 |   30.001  |    26.0   | 30.129 | 32.804 | 27.454 |
|            | 27.454 |   27.454  |     0     |        |        |        |
| WayPoint9  | 60.258 |   60.258  |     0     | 60.258 | 60.258 | 60.258 |
+------------+--------+-----------+-----------+--------+--------+--------+
Average idleness: 51.219
-----------
Variance idleness: 190.62
-----------
Total visits: 3
