+------------+--------+-----------+-----------+--------+--------+--------+
| Dest name  |  true  | remaining | estimated |  mean  |  max   |  min   |
+------------+--------+-----------+-----------+--------+--------+--------+
| WayPoint1  | 60.295 |   12.092  |   33.53   | 60.295 | 60.295 | 60.295 |
| WayPoint10 | 47.601 |    45.0   |   33.64   | 30.148 | 47.601 | 12.694 |
|            | 12.694 |   12.694  |     0     |        |        |        |
| WayPoint2  | 60.295 |   37.292  |   51.47   | 60.295 | 60.295 | 60.295 |
| WayPoint3  |  52.6  |   49.999  |   44.94   | 30.148 |  52.6  | 7.695  |
|            | 7.695  |   7.695   |     0     |        |        |        |
| WayPoint4  | 60.295 |   57.694  |   41.91   | 60.295 | 60.295 | 60.295 |
| WayPoint5  |  22.0  |    19.0   |   15.56   | 30.148 | 38.295 |  22.0  |
|            | 38.295 |   38.295  |     0     |        |        |        |
| WayPoint6  | 60.295 |   60.295  |     0     | 60.295 | 60.295 | 60.295 |
| WayPoint7  | 60.295 |   60.295  |     0     | 60.295 | 60.295 | 60.295 |
| WayPoint8  | 60.295 |   60.295  |     0     | 60.295 | 60.295 | 60.295 |
| WayPoint9  | 60.295 |   7.095   |   48.47   | 60.295 | 60.295 | 60.295 |
+------------+--------+-----------+-----------+--------+--------+--------+
Average idleness: 51.251
-----------
Variance idleness: 190.857
-----------
Total visits: 3
