+------------+--------+-----------+-----------+--------+--------+--------+
| Dest name  |  true  | remaining | estimated |  mean  |  max   |  min   |
+------------+--------+-----------+-----------+--------+--------+--------+
| WayPoint1  | 60.657 |   57.656  |   35.28   | 60.657 | 60.657 | 60.657 |
| WayPoint10 | 60.405 |   22.005  |   20.68   | 30.329 | 60.405 | 0.252  |
|            | 0.252  |   0.252   |     0     |        |        |        |
| WayPoint2  |  18.0  |   14.999  |    16.0   | 30.328 | 42.657 |  18.0  |
|            | 42.657 |   42.657  |     0     |        |        |        |
| WayPoint3  | 60.657 |   41.657  |   23.49   | 60.657 | 60.657 | 60.657 |
| WayPoint4  | 60.657 |   60.657  |     0     | 60.657 | 60.657 | 60.657 |
| WayPoint5  | 60.657 |   60.657  |     0     | 60.657 | 60.657 | 60.657 |
| WayPoint6  | 32.605 |   29.604  |   30.54   | 30.328 | 32.605 | 28.052 |
|            | 28.052 |   28.052  |     0     |        |        |        |
| WayPoint7  | 37.402 |   34.002  |   23.09   | 30.328 | 37.402 | 23.255 |
|            | 23.255 |   23.255  |     0     |        |        |        |
| WayPoint8  | 60.657 |   27.055  |   20.54   | 60.657 | 60.657 | 60.657 |
| WayPoint9  | 60.657 |   60.657  |     0     | 60.657 | 60.657 | 60.657 |
+------------+--------+-----------+-----------+--------+--------+--------+
Average idleness: 48.526
-----------
Variance idleness: 220.76
-----------
Total visits: 4
