+------------+--------+-----------+-----------+--------+--------+--------+
| Dest name  |  true  | remaining | estimated |  mean  |  max   |  min   |
+------------+--------+-----------+-----------+--------+--------+--------+
| WayPoint1  | 60.174 |   10.374  |   35.04   | 60.174 | 60.174 | 60.174 |
| WayPoint10 | 60.174 |   60.174  |     0     | 60.174 | 60.174 | 60.174 |
| WayPoint2  |  38.8  |    36.0   |   36.28   | 30.087 |  38.8  | 21.374 |
|            | 21.374 |   21.374  |     0     |        |        |        |
| WayPoint3  | 60.174 |   60.174  |     0     | 60.174 | 60.174 | 60.174 |
| WayPoint4  |  26.8  |    24.0   |   20.67   | 30.087 | 33.374 |  26.8  |
|            | 33.374 |   33.374  |     0     |        |        |        |
| WayPoint5  | 60.174 |   60.174  |     0     | 60.174 | 60.174 | 60.174 |
| WayPoint6  | 60.174 |   20.374  |    38.6   | 60.174 | 60.174 | 60.174 |
| WayPoint7  | 60.174 |   32.372  |    23.0   | 60.174 | 60.174 | 60.174 |
| WayPoint8  | 60.174 |   57.174  |   28.72   | 60.174 | 60.174 | 60.174 |
| WayPoint9  |  49.4  |   46.999  |   38.52   | 30.087 |  49.4  | 10.774 |
|            | 10.774 |   10.774  |     0     |        |        |        |
+------------+--------+-----------+-----------+--------+--------+--------+
Average idleness: 51.148
-----------
Variance idleness: 190.098
-----------
Total visits: 3
