+------------+--------+-----------+-----------+--------+--------+--------+
| Dest name  |  true  | remaining | estimated |  mean  |  max   |  min   |
+------------+--------+-----------+-----------+--------+--------+--------+
| WayPoint1  |  21.0  |    18.0   |   20.84   | 30.149 | 39.299 |  21.0  |
|            | 39.299 |   39.299  |     0     |        |        |        |
| WayPoint10 | 60.299 |   57.499  |   33.64   | 60.299 | 60.299 | 60.299 |
| WayPoint2  | 60.299 |   42.699  |   38.46   | 60.299 | 60.299 | 60.299 |
| WayPoint3  | 60.299 |   60.299  |     0     | 60.299 | 60.299 | 60.299 |
| WayPoint4  | 60.299 |   60.299  |     0     | 60.299 | 60.299 | 60.299 |
| WayPoint5  | 60.299 |   57.499  |   55.75   | 60.299 | 60.299 | 60.299 |
| WayPoint6  |  16.6  |    14.0   |   18.27   | 30.149 | 43.699 |  16.6  |
|            | 43.699 |   43.699  |     0     |        |        |        |
| WayPoint7  |  60.3  |    60.3   |     0     |  60.3  |  60.3  |  60.3  |
| WayPoint8  |  60.3  |   38.299  |   25.65   |  60.3  |  60.3  |  60.3  |
| WayPoint9  |  60.3  |    60.3   |     0     |  60.3  |  60.3  |  60.3  |
+------------+--------+-----------+-----------+--------+--------+--------+
Average idleness: 54.269
-----------
Variance idleness: 145.447
-----------
Total visits: 2
